!@!title: Time: 11.9775
!@!name: model points
0.0, -3.0, 2.0
-0.004516837652772665, 0.8090223670005798, 1.3573317527770996
0.0, -3.0, 2.0
0.015491686761379242, 0.8010388016700745, 1.3575928211212158
0.0, -3.0, 2.0
0.035127170383930206, 0.7642083764076233, 1.3588995933532715
0.0, -3.0, 2.0
0.05392339825630188, 0.6998440623283386, 1.3612443208694458
0.0, -3.0, 2.0
0.07145877927541733, 0.6102425456047058, 1.3645695447921753
0.0, -3.0, 2.0
0.08734001219272614, 0.498270183801651, 1.3690593242645264
0.0, -3.0, 2.0
0.1012539267539978, 0.3676619827747345, 1.37471604347229
0.0, -3.0, 2.0
0.11294902861118317, 0.2225673496723175, 1.3816354274749756
0.0, -3.0, 2.0
0.12226035445928574, 0.06747511774301529, 1.389857530593872
0.0, -3.0, 2.0
0.1291637271642685, -0.09307795017957687, 1.39913809299469
0.0, -3.0, 2.0
-0.005167556926608086, 1.0518521070480347, 1.5631449222564697
0.0, -3.0, 2.0
0.01772492751479149, 1.0422120094299316, 1.5630245208740234
0.0, -3.0, 2.0
0.04020705819129944, 0.9977353811264038, 1.562530755996704
0.0, -3.0, 2.0
0.061764344573020935, 0.9199135899543762, 1.5617129802703857
0.0, -3.0, 2.0
0.08192086219787598, 0.8113130331039429, 1.5606588125228882
0.0, -3.0, 2.0
0.10026101022958755, 0.6754615902900696, 1.5594732761383057
0.0, -3.0, 2.0
0.1164383590221405, 0.516599714756012, 1.5583019256591797
0.0, -3.0, 2.0
0.1301647126674652, 0.3394487798213959, 1.5573822259902954
0.0, -3.0, 2.0
0.14117403328418732, 0.14911673963069916, 1.5571343898773193
0.0, -3.0, 2.0
0.14939889311790466, -0.048778653144836426, 1.5575947761535645
0.0, -3.0, 2.0
-0.0058939228765666485, 1.307375431060791, 1.855278730392456
0.0, -3.0, 2.0
0.02021675556898117, 1.2958877086639404, 1.8547213077545166
0.0, -3.0, 2.0
0.04585151746869087, 1.2425554990768433, 1.8522154092788696
0.0, -3.0, 2.0
0.07040805369615555, 1.1491860151290894, 1.8478658199310303
0.0, -3.0, 2.0
0.09332770109176636, 1.0189151763916016, 1.841854453086853
0.0, -3.0, 2.0
0.11411163955926895, 0.8560041189193726, 1.8344371318817139
0.0, -3.0, 2.0
0.13230696320533752, 0.6655309200286865, 1.825968623161316
0.0, -3.0, 2.0
0.14774882793426514, 0.45417019724845886, 1.8165912628173828
0.0, -3.0, 2.0
0.1604311764240265, 0.22801290452480316, 1.8064318895339966
0.0, -3.0, 2.0
0.1700308918952942, -0.007771880365908146, 1.7961130142211914
0.0, -3.0, 2.0
-0.00680218730121851, 1.589789867401123, 2.2517566680908203
0.0, -3.0, 2.0
0.02333204448223114, 1.57610285282135, 2.2506346702575684
0.0, -3.0, 2.0
0.05292755365371704, 1.512897253036499, 2.2454328536987305
0.0, -3.0, 2.0
0.08130180835723877, 1.40216863155365, 2.236297369003296
0.0, -3.0, 2.0
0.10783112794160843, 1.2476749420166016, 2.2235307693481445
0.0, -3.0, 2.0
0.13194553554058075, 1.0542269945144653, 2.207489490509033
0.0, -3.0, 2.0
0.15320052206516266, 0.8280723094940186, 2.1886792182922363
0.0, -3.0, 2.0
0.17127801477909088, 0.5761253833770752, 2.1676621437072754
0.0, -3.0, 2.0
0.1858929693698883, 0.30539700388908386, 2.1449484825134277
0.0, -3.0, 2.0
0.19683131575584412, 0.023359136655926704, 2.121072292327881
0.0, -3.0, 2.0
-0.0071374946273863316, 1.7067071199417114, 2.7100651264190674
0.0, -3.0, 2.0
0.024484556168317795, 1.6922581195831299, 2.708455801010132
0.0, -3.0, 2.0
0.055667441338300705, 1.628435492515564, 2.7022032737731934
0.0, -3.0, 2.0
0.08589502424001694, 1.5167163610458374, 2.6914443969726562
0.0, -3.0, 2.0
0.11467146873474121, 1.3594943284988403, 2.67635440826416
0.0, -3.0, 2.0
0.1415131390094757, 1.159967303276062, 2.6570944786071777
0.0, -3.0, 2.0
0.1658397912979126, 0.9216420650482178, 2.6334285736083984
0.0, -3.0, 2.0
0.18722094595432281, 0.6503907442092896, 2.605839729309082
0.0, -3.0, 2.0
0.2052743136882782, 0.35280001163482666, 2.574786424636841
0.0, -3.0, 2.0
0.2199849784374237, 0.03626519814133644, 2.54150652885437
0.0, -3.0, 2.0
-0.006644969340413809, 1.5812475681304932, 3.0776758193969727
0.0, -3.0, 2.0
0.022792039439082146, 1.5675346851348877, 3.075620174407959
0.0, -3.0, 2.0
0.05181235820055008, 1.5076406002044678, 3.0684123039245605
0.0, -3.0, 2.0
0.07993476837873459, 1.402956485748291, 3.056199073791504
0.0, -3.0, 2.0
0.10670510679483414, 1.2558385133743286, 3.039226770401001
0.0, -3.0, 2.0
0.13171501457691193, 1.0695605278015137, 3.0178797245025635
0.0, -3.0, 2.0
0.15461303293704987, 0.8481060266494751, 2.9926304817199707
0.0, -3.0, 2.0
0.17517241835594177, 0.5961872339248657, 2.9643478393554688
0.0, -3.0, 2.0
0.19315573573112488, 0.3182923197746277, 2.9333982467651367
0.0, -3.0, 2.0
0.20836547017097473, 0.01923558861017227, 2.900142192840576
0.0, -3.0, 2.0
-0.006056683138012886, 1.3946080207824707, 3.3591830730438232
0.0, -3.0, 2.0
0.02077280730009079, 1.3821260929107666, 3.356797218322754
0.0, -3.0, 2.0
0.04721282795071602, 1.3276950120925903, 3.3488271236419678
0.0, -3.0, 2.0
0.07281710207462311, 1.2326526641845703, 3.3354663848876953
0.0, -3.0, 2.0
0.09716549515724182, 1.099198818206787, 3.316984176635742
0.0, -3.0, 2.0
0.11990886181592941, 0.9305921792984009, 3.294102907180786
0.0, -3.0, 2.0
0.14070935547351837, 0.7302405834197998, 3.267062187194824
0.0, -3.0, 2.0
0.15928234159946442, 0.5022155046463013, 3.2362771034240723
0.0, -3.0, 2.0
0.17540518939495087, 0.251035213470459, 3.202277660369873
0.0, -3.0, 2.0
0.18898852169513702, -0.018546978011727333, 3.166079521179199
0.0, -3.0, 2.0
-0.005575933959335089, 1.2049381732940674, 3.591905355453491
0.0, -3.0, 2.0
0.01912393420934677, 1.193703055381775, 3.5893123149871826
0.0, -3.0, 2.0
0.04346170648932457, 1.1445132493972778, 3.580789089202881
0.0, -3.0, 2.0
0.06702028959989548, 1.0585863590240479, 3.5665283203125
0.0, -3.0, 2.0
0.08940226584672928, 0.9378979206085205, 3.5467276573181152
0.0, -3.0, 2.0
0.11027990281581879, 0.7854714393615723, 3.522221088409424
0.0, -3.0, 2.0
0.1293744295835495, 0.604664146900177, 3.493675470352173
0.0, -3.0, 2.0
0.14644692838191986, 0.399117648601532, 3.4616098403930664
0.0, -3.0, 2.0
0.16136080026626587, 0.1728188842535019, 3.427029609680176
0.0, -3.0, 2.0
0.17398805916309357, -0.0703650414943695, 3.390437126159668
0.0, -3.0, 2.0
-0.005221427883952856, 1.0214537382125854, 3.8001694679260254
0.0, -3.0, 2.0
0.017908697947859764, 1.0113496780395508, 3.797452926635742
0.0, -3.0, 2.0
0.04070129618048668, 0.9668469429016113, 3.7885806560516357
0.0, -3.0, 2.0
0.06276499480009079, 0.8890361785888672, 3.773733615875244
0.0, -3.0, 2.0
0.08374147862195969, 0.7798507213592529, 3.7534122467041016
0.0, -3.0, 2.0
0.10330678522586823, 0.6417773962020874, 3.7280635833740234
0.0, -3.0, 2.0
0.121152862906456, 0.4777214825153351, 3.6978254318237305
0.0, -3.0, 2.0
0.13712845742702484, 0.2914208769798279, 3.6644115447998047
0.0, -3.0, 2.0
0.15107913315296173, 0.0863126888871193, 3.62846040725708
0.0, -3.0, 2.0
0.16281665861606598, -0.13402864336967468, 3.589813232421875
0.0, -3.0, 2.0
-0.004950063768774271, 0.8369411826133728, 3.987802743911743
0.0, -3.0, 2.0
0.016979282721877098, 0.8279123902320862, 3.9850802421569824
0.0, -3.0, 2.0
0.038592226803302765, 0.7877578735351562, 3.9760119915008545
0.0, -3.0, 2.0
0.05952046439051628, 0.7174870371818542, 3.9608654975891113
0.0, -3.0, 2.0
0.0794251337647438, 0.6188061237335205, 3.940122604370117
0.0, -3.0, 2.0
0.0980195552110672, 0.49404412508010864, 3.914623737335205
0.0, -3.0, 2.0
0.11500386148691177, 0.3456837832927704, 3.8841543197631836
0.0, -3.0, 2.0
0.1301458179950714, 0.17687435448169708, 3.849283218383789
0.0, -3.0, 2.0
0.14324283599853516, -0.008946457877755165, 3.8103744983673096
0.0, -3.0, 2.0
0.15428046882152557, -0.2082536667585373, 3.7694883346557617
new trace
!@!name: context points 11.899999618530273
0.0, -3.0, 2.0
0.1051984429359436, 0.03440289571881294, 1.490476369857788
0.0, -3.0, 2.0
0.0909835621714592, 1.0938458442687988, 3.363868236541748
0.0, -3.0, 2.0
0.06277519464492798, 0.6440516114234924, 1.4430174827575684
0.0, -3.0, 2.0
0.03837838023900986, 0.7681705951690674, 3.6674532890319824
0.0, -3.0, 2.0
0.08599185198545456, 0.9081509113311768, 2.608335018157959
0.0, -3.0, 2.0
0.09030752629041672, 0.36370423436164856, 3.701155185699463
0.0, -3.0, 2.0
0.028057632967829704, 0.8580260872840881, 1.3302286863327026
0.0, -3.0, 2.0
0.09179358184337616, 1.309857964515686, 3.216479778289795
0.0, -3.0, 2.0
0.167910635471344, -0.16105225682258606, 3.5056049823760986
0.0, -3.0, 2.0
0.05178317800164223, 1.3193804025650024, 3.3339178562164307
0.0, -3.0, 2.0
0.05961361899971962, 0.4500691592693329, 3.7431631088256836
0.0, -3.0, 2.0
0.018338069319725037, 0.8293769955635071, 3.6613755226135254
0.0, -3.0, 2.0
0.14868806302547455, 0.10721784085035324, 3.5402417182922363
0.0, -3.0, 2.0
0.08674297481775284, 0.6864088177680969, 3.5938940048217773
0.0, -3.0, 2.0
0.011396178975701332, 1.2354930639266968, 3.4464058876037598
0.0, -3.0, 2.0
0.1259755939245224, -0.07524088770151138, 3.6946516036987305
0.0, -3.0, 2.0
0.11608938872814178, -0.04071097448468208, 3.7227420806884766
0.0, -3.0, 2.0
0.09571279585361481, 1.0551329851150513, 3.3691511154174805
0.0, -3.0, 2.0
0.006904515437781811, 1.8961594104766846, 2.9015450477600098
0.0, -3.0, 2.0
0.04168792814016342, 1.7767066955566406, 2.978849411010742
0.0, -3.0, 2.0
0.02738897316157818, 1.3603606224060059, 2.3064937591552734
0.0, -3.0, 2.0
0.05774448439478874, 1.0102695226669312, 2.0031332969665527
0.0, -3.0, 2.0
0.05680842697620392, 0.7095410227775574, 3.661238670349121
0.0, -3.0, 2.0
0.008494394831359386, 1.2773544788360596, 3.4198594093322754
0.0, -3.0, 2.0
-0.0023622973822057247, 0.6162360906600952, 3.743687629699707
0.0, -3.0, 2.0
-0.00682434719055891, 2.2315618991851807, 2.5455498695373535
0.0, -3.0, 2.0
0.1774832308292389, -0.19424404203891754, 3.455796241760254
0.0, -3.0, 2.0
0.06836407631635666, 0.8777158856391907, 1.9452821016311646
0.0, -3.0, 2.0
0.06881233304738998, 0.937129557132721, 2.0907628536224365
0.0, -3.0, 2.0
0.023638982325792313, 0.6196815371513367, 3.735032796859741
0.0, -3.0, 2.0
0.11072724312543869, 0.06658687442541122, 1.8671714067459106
0.0, -3.0, 2.0
0.04699510708451271, 0.9957597255706787, 3.5460243225097656
0.0, -3.0, 2.0
0.1062076985836029, 0.30209219455718994, 2.0024585723876953
0.0, -3.0, 2.0
0.10761280357837677, 0.3358950614929199, 2.121824264526367
0.0, -3.0, 2.0
0.09834329783916473, 1.4311009645462036, 3.100019931793213
0.0, -3.0, 2.0
0.14249633252620697, 0.5858595967292786, 3.3930916786193848
0.0, -3.0, 2.0
0.05501216650009155, 1.0373374223709106, 3.506584882736206
0.0, -3.0, 2.0
0.06007728353142738, 1.0946861505508423, 3.461109161376953
0.0, -3.0, 2.0
0.09400381147861481, 0.6752788424491882, 2.26592755317688
0.0, -3.0, 2.0
0.10675032436847687, -0.06696231663227081, 1.5674784183502197
0.0, -3.0, 2.0
0.12355807423591614, 0.28236159682273865, 3.6074271202087402
0.0, -3.0, 2.0
0.13115127384662628, 0.020477967336773872, 2.9483790397644043
0.0, -3.0, 2.0
0.10448550432920456, 0.3171040415763855, 1.956182599067688
0.0, -3.0, 2.0
0.025936955586075783, 1.1971901655197144, 1.878332257270813
0.0, -3.0, 2.0
0.06350887566804886, 1.7116637229919434, 2.987837553024292
0.0, -3.0, 2.0
0.1097487360239029, 0.41426602005958557, 2.3797547817230225
0.0, -3.0, 2.0
0.07612350583076477, 0.7656224370002747, 1.8987524509429932
0.0, -3.0, 2.0
0.10554315894842148, 0.022851668298244476, 1.6078336238861084
0.0, -3.0, 2.0
0.10022405534982681, 0.36534127593040466, 1.873767375946045
0.0, -3.0, 2.0
0.07178463786840439, 1.4036797285079956, 3.218071460723877
0.0, -3.0, 2.0
0.05612277239561081, 1.3006786108016968, 3.3368968963623047
0.0, -3.0, 2.0
0.015176709741353989, 1.531430959701538, 3.227130889892578
0.0, -3.0, 2.0
0.06405046582221985, 0.5973515510559082, 1.3985035419464111
0.0, -3.0, 2.0
0.024892915040254593, 1.3854018449783325, 2.3340582847595215
0.0, -3.0, 2.0
0.11642078310251236, 0.3991454541683197, 2.7335565090179443
0.0, -3.0, 2.0
0.06885536760091782, 0.8874629735946655, 3.552638292312622
0.0, -3.0, 2.0
0.03698163479566574, 1.337385892868042, 2.4367778301239014
0.0, -3.0, 2.0
0.11798371374607086, -0.13263331353664398, 2.032526731491089
0.0, -3.0, 2.0
0.039967723190784454, 0.7982971668243408, 3.6527585983276367
0.0, -3.0, 2.0
0.12461739033460617, 0.07215436547994614, 2.608070135116577
0.0, -3.0, 2.0
0.10371004045009613, 0.3074272871017456, 3.676766872406006
0.0, -3.0, 2.0
0.13453197479248047, -0.17768052220344543, 2.936501979827881
0.0, -3.0, 2.0
0.13705313205718994, -0.2931741178035736, 3.6918153762817383
0.0, -3.0, 2.0
0.018902510404586792, 1.8826324939727783, 2.9080190658569336
0.0, -3.0, 2.0
0.1265496164560318, 0.1306653767824173, 2.8214035034179688
0.0, -3.0, 2.0
0.09531714767217636, 1.5962703227996826, 2.979654550552368
0.0, -3.0, 2.0
0.09204290807247162, 0.35038504004478455, 3.7002105712890625
0.0, -3.0, 2.0
0.11496508121490479, -0.054226353764534, 1.9415252208709717
0.0, -3.0, 2.0
0.08610197901725769, 0.7752187252044678, 2.216191530227661
0.0, -3.0, 2.0
0.10519473254680634, 0.29890769720077515, 1.9552996158599854
0.0, -3.0, 2.0
0.09837605804204941, 0.7204245328903198, 2.597029685974121
0.0, -3.0, 2.0
0.10504504293203354, 0.5175606608390808, 2.376512289047241
0.0, -3.0, 2.0
0.03856109082698822, 1.3176467418670654, 2.4096009731292725
0.0, -3.0, 2.0
0.1259964406490326, 0.1779840737581253, 3.629673957824707
0.0, -3.0, 2.0
0.10692332684993744, 0.5963077545166016, 3.5593130588531494
0.0, -3.0, 2.0
0.009447705931961536, 1.391237735748291, 3.3390133380889893
0.0, -3.0, 2.0
0.03711331635713577, 1.2413036823272705, 2.158308982849121
0.0, -3.0, 2.0
0.14114131033420563, -0.2528528571128845, 3.6670026779174805
0.0, -3.0, 2.0
0.14636388421058655, 0.13983500003814697, 3.5425548553466797
0.0, -3.0, 2.0
-0.0036629117093980312, 1.096981167793274, 1.4098222255706787
0.0, -3.0, 2.0
0.011295093223452568, 1.8944852352142334, 2.901426315307617
0.0, -3.0, 2.0
0.06479978561401367, 0.8475445508956909, 1.8080345392227173
0.0, -3.0, 2.0
0.017044400796294212, 0.582257091999054, 3.749786376953125
0.0, -3.0, 2.0
0.1113228127360344, 1.0941463708877563, 3.2779836654663086
0.0, -3.0, 2.0
0.002871415577828884, 1.4724671840667725, 2.2331066131591797
0.0, -3.0, 2.0
0.08853567391633987, 1.5391827821731567, 3.0533742904663086
0.0, -3.0, 2.0
0.00622411398217082, 0.9702273607254028, 3.6014416217803955
0.0, -3.0, 2.0
0.1047171950340271, 0.2097257822751999, 3.701361656188965
0.0, -3.0, 2.0
0.12521114945411682, 0.19653214514255524, 2.8553972244262695
0.0, -3.0, 2.0
0.0816197544336319, 0.9084590673446655, 3.5037214756011963
0.0, -3.0, 2.0
0.07059180736541748, 0.8529416918754578, 1.944789171218872
0.0, -3.0, 2.0
0.10968291014432907, 0.033711232244968414, 1.7848433256149292
0.0, -3.0, 2.0
0.13449612259864807, -0.13981971144676208, 2.9683380126953125
0.0, -3.0, 2.0
0.121332086622715, -0.09217847883701324, 2.2410871982574463
0.0, -3.0, 2.0
0.09542239457368851, 0.3279293477535248, 3.6969830989837646
0.0, -3.0, 2.0
0.10676904767751694, 0.6007598638534546, 2.698570728302002
0.0, -3.0, 2.0
0.07696351408958435, 0.7414101958274841, 1.8715013265609741
0.0, -3.0, 2.0
0.11775915324687958, 0.2896914780139923, 2.5667471885681152
0.0, -3.0, 2.0
0.013103834353387356, 1.3154118061065674, 3.3915863037109375
0.0, -3.0, 2.0
0.05166567862033844, 0.5774657130241394, 3.71793794631958
0.0, -3.0, 2.0
0.049458097666502, 0.7348302602767944, 1.3904166221618652
0.0, -3.0, 2.0
0.015068900771439075, 1.4637452363967896, 3.281012773513794
0.0, -3.0, 2.0
0.01807890273630619, 0.5731106400489807, 3.7518887519836426
0.0, -3.0, 2.0
0.07328604906797409, 0.4434303641319275, 3.7194790840148926
0.0, -3.0, 2.0
0.10510130226612091, 0.14425404369831085, 1.730851411819458
0.0, -3.0, 2.0
0.07692240923643112, 0.6834205985069275, 3.624622106552124
0.0, -3.0, 2.0
0.12361613661050797, -0.06112691015005112, 2.395188570022583
0.0, -3.0, 2.0
0.12174858152866364, 0.04513587802648544, 3.6834006309509277
0.0, -3.0, 2.0
-0.0027138052973896265, 2.1068456172943115, 2.684053421020508
0.0, -3.0, 2.0
0.11621761322021484, 0.44452235102653503, 3.581664562225342
0.0, -3.0, 2.0
0.10639376938343048, 0.5765642523765564, 2.603360176086426
0.0, -3.0, 2.0
0.004543394781649113, 1.4389399290084839, 2.1652581691741943
0.0, -3.0, 2.0
0.09090814739465714, 1.3725696802139282, 3.174191474914551
0.0, -3.0, 2.0
0.07504869997501373, 1.0153652429580688, 3.465752124786377
0.0, -3.0, 2.0
0.13829843699932098, 0.9180692434310913, 3.2470107078552246
0.0, -3.0, 2.0
0.09326841682195663, 0.4242325723171234, 1.7438606023788452
0.0, -3.0, 2.0
0.12140033394098282, -7.185188587754965e-05, 2.332129955291748
0.0, -3.0, 2.0
0.07013894617557526, 1.6916440725326538, 2.986417770385742
0.0, -3.0, 2.0
0.08818729221820831, 0.3226557672023773, 1.4693745374679565
0.0, -3.0, 2.0
0.08913902193307877, 0.8817618489265442, 2.6688802242279053
0.0, -3.0, 2.0
0.10661714524030685, 0.5972324013710022, 2.67829966545105
0.0, -3.0, 2.0
0.08637223392724991, 0.6741859912872314, 1.9937984943389893
0.0, -3.0, 2.0
0.1106409877538681, -0.08124173432588577, 1.7164491415023804
0.0, -3.0, 2.0
0.1323324292898178, -0.1347334384918213, 2.8407297134399414
0.0, -3.0, 2.0
0.10601682215929031, 0.5083568096160889, 2.4032628536224365
0.0, -3.0, 2.0
0.010675473138689995, 0.6399276852607727, 3.7349467277526855
0.0, -3.0, 2.0
0.012507228180766106, 0.7066883444786072, 3.712069034576416
0.0, -3.0, 2.0
0.04323591664433479, 1.1231392621994019, 1.9808681011199951
0.0, -3.0, 2.0
0.07170475274324417, 0.6685972213745117, 1.6288594007492065
0.0, -3.0, 2.0
0.14336785674095154, -0.06175866350531578, 3.614689588546753
0.0, -3.0, 2.0
0.003316079266369343, 0.8406238555908203, 3.662173271179199
0.0, -3.0, 2.0
0.03709414228796959, 0.5615482926368713, 3.7412545680999756
0.0, -3.0, 2.0
0.10576538741588593, 0.167656809091568, 3.708954334259033
0.0, -3.0, 2.0
0.09137646108865738, 0.5866418480873108, 1.9737966060638428
0.0, -3.0, 2.0
0.11986405402421951, -0.11020007729530334, 2.147674798965454
0.0, -3.0, 2.0
0.10585128515958786, 0.005567124579101801, 1.6016197204589844
0.0, -3.0, 2.0
0.02482510916888714, 1.9127683639526367, 2.8724422454833984
0.0, -3.0, 2.0
0.08329162001609802, 0.6844481825828552, 1.9246541261672974
0.0, -3.0, 2.0
0.07224399596452713, 0.8900787830352783, 2.0691065788269043
0.0, -3.0, 2.0
0.013330849818885326, 1.591070294380188, 3.178929090499878
0.0, -3.0, 2.0
0.10506103187799454, 0.27150627970695496, 3.6829254627227783
0.0, -3.0, 2.0
0.049984391778707504, 0.762064516544342, 3.6523404121398926
0.0, -3.0, 2.0
0.0693122148513794, 0.4002646803855896, 3.739631175994873
0.0, -3.0, 2.0
0.08732570707798004, 0.28701189160346985, 3.7302298545837402
0.0, -3.0, 2.0
0.018989669159054756, 0.8976337909698486, 3.6305580139160156
0.0, -3.0, 2.0
0.042359884828329086, 0.8349518179893494, 1.446960210800171
0.0, -3.0, 2.0
0.12236090004444122, -0.11488689482212067, 2.2796850204467773
0.0, -3.0, 2.0
0.07585393637418747, 0.6933296322822571, 1.7560397386550903
0.0, -3.0, 2.0
0.10521870851516724, 0.16301743686199188, 1.7593293190002441
0.0, -3.0, 2.0
0.09233696013689041, 0.8068294525146484, 2.5678834915161133
0.0, -3.0, 2.0
0.11872003227472305, 0.6422184705734253, 3.4879508018493652
0.0, -3.0, 2.0
0.09590821713209152, 0.5250731110572815, 3.6290383338928223
0.0, -3.0, 2.0
0.03121659904718399, 0.9800933599472046, 3.5785059928894043
0.0, -3.0, 2.0
0.08891984075307846, 1.4281419515609741, 3.1398653984069824
0.0, -3.0, 2.0
0.12449339032173157, -0.0045077139511704445, 3.6846141815185547
0.0, -3.0, 2.0
0.06312333792448044, 1.136936068534851, 2.4962263107299805
0.0, -3.0, 2.0
0.05039198696613312, 1.2102851867675781, 3.411313056945801
0.0, -3.0, 2.0
0.10375206917524338, 0.2648947238922119, 3.6892075538635254
0.0, -3.0, 2.0
0.12465929985046387, -0.12067505717277527, 2.403503656387329
0.0, -3.0, 2.0
0.030697965994477272, 1.0115551948547363, 1.5879261493682861
0.0, -3.0, 2.0
0.11541158705949783, 0.11137532442808151, 2.1458325386047363
0.0, -3.0, 2.0
0.013782089576125145, 0.8990470170974731, 3.632993698120117
0.0, -3.0, 2.0
0.10102619230747223, 0.6688515543937683, 3.5510036945343018
0.0, -3.0, 2.0
0.09306325763463974, 0.31351375579833984, 1.575470209121704
0.0, -3.0, 2.0
0.14151594042778015, 0.36670252680778503, 3.4896657466888428
0.0, -3.0, 2.0
0.13435503840446472, 0.20851047337055206, 3.5816893577575684
0.0, -3.0, 2.0
0.10253968089818954, 0.26188740134239197, 1.7965965270996094
0.0, -3.0, 2.0
0.13731206953525543, -0.29197096824645996, 3.6905412673950195
0.0, -3.0, 2.0
0.04328065738081932, 1.0257009267807007, 3.536398410797119
0.0, -3.0, 2.0
0.09848473966121674, 0.17314918339252472, 1.5455548763275146
0.0, -3.0, 2.0
0.10651794821023941, -0.0008211894892156124, 1.620458960533142
0.0, -3.0, 2.0
0.04095587506890297, 1.2656519412994385, 2.3038506507873535
0.0, -3.0, 2.0
0.046093229204416275, 0.6474469304084778, 3.7026443481445312
0.0, -3.0, 2.0
0.12696674466133118, -0.0734243392944336, 2.5770368576049805
0.0, -3.0, 2.0
0.11279049515724182, -0.07701577246189117, 1.4825758934020996
0.0, -3.0, 2.0
0.12195830792188644, 0.012390454299747944, 3.6904451847076416
0.0, -3.0, 2.0
0.09179788827896118, 0.6529654264450073, 3.591522216796875
0.0, -3.0, 2.0
0.14499755203723907, 0.17824828624725342, 3.5375442504882812
0.0, -3.0, 2.0
0.17877481877803802, -0.07883954048156738, 3.4178760051727295
0.0, -3.0, 2.0
0.12108448147773743, 0.2853059768676758, 2.7668375968933105
0.0, -3.0, 2.0
0.12455958127975464, 0.20796671509742737, 2.8344473838806152
0.0, -3.0, 2.0
0.12561339139938354, -0.013375863432884216, 2.55975604057312
0.0, -3.0, 2.0
0.04012499004602432, 1.0677107572555542, 3.5181241035461426
0.0, -3.0, 2.0
0.10229723900556564, 0.3091680705547333, 1.8591090440750122
0.0, -3.0, 2.0
0.01038629375398159, 1.2119531631469727, 1.7262760400772095
0.0, -3.0, 2.0
0.044005125761032104, 0.9729735255241394, 1.6906981468200684
0.0, -3.0, 2.0
0.07616015523672104, 0.6781673431396484, 1.7361470460891724
0.0, -3.0, 2.0
0.09997564554214478, 0.44660070538520813, 2.0067713260650635
0.0, -3.0, 2.0
0.12107382714748383, -0.19247817993164062, 1.4625563621520996
0.0, -3.0, 2.0
0.10180377960205078, 1.1599104404449463, 3.2780685424804688
0.0, -3.0, 2.0
0.16464532911777496, 0.35477158427238464, 3.361947536468506
0.0, -3.0, 2.0
-0.004842518828809261, 1.0970419645309448, 1.4013330936431885
0.0, -3.0, 2.0
0.13959674537181854, 0.2669813334941864, 3.535958766937256
0.0, -3.0, 2.0
0.017750388011336327, 1.2971009016036987, 1.9901493787765503
0.0, -3.0, 2.0
0.09107208251953125, 0.8480421900749207, 3.502546787261963
0.0, -3.0, 2.0
0.08389955759048462, 1.657898187637329, 2.970424175262451
0.0, -3.0, 2.0
0.016765248030424118, 1.3248775005340576, 2.0423264503479004
0.0, -3.0, 2.0
0.0013560635270550847, 1.0510571002960205, 1.378195881843567
0.0, -3.0, 2.0
0.10517027974128723, 0.38418757915496826, 2.101654052734375
0.0, -3.0, 2.0
0.06380283087491989, 0.6091973781585693, 1.4106435775756836
new trace
!@!name: context points 12.055000305175781
0.0, -3.0, 2.0
0.01680009812116623, 0.9342108964920044, 1.3343806266784668
0.0, -3.0, 2.0
0.14118631184101105, 0.17704203724861145, 3.557772159576416
0.0, -3.0, 2.0
0.02346011996269226, 1.173497200012207, 3.47696590423584
0.0, -3.0, 2.0
0.05489733815193176, 0.7348260879516602, 3.6546707153320312
0.0, -3.0, 2.0
0.10712065547704697, 0.7483974695205688, 3.4892423152923584
0.0, -3.0, 2.0
0.08243907243013382, 0.5305176377296448, 3.668519973754883
0.0, -3.0, 2.0
0.012779729440808296, 0.959173321723938, 1.3357627391815186
0.0, -3.0, 2.0
0.07853683829307556, 1.024906039237976, 3.4492125511169434
0.0, -3.0, 2.0
0.11273683607578278, -0.15387630462646484, 1.7582173347473145
0.0, -3.0, 2.0
0.08912818133831024, 0.588555634021759, 1.9070590734481812
0.0, -3.0, 2.0
0.008586513809859753, 1.3863314390182495, 3.342970609664917
0.0, -3.0, 2.0
0.07295486330986023, 0.9997888803482056, 2.3835484981536865
0.0, -3.0, 2.0
0.11010593175888062, 0.16107934713363647, 3.696356773376465
0.0, -3.0, 2.0
0.08637767285108566, 1.0898165702819824, 3.383472442626953
0.0, -3.0, 2.0
0.03037450462579727, 1.346798062324524, 3.35292649269104
0.0, -3.0, 2.0
0.054555512964725494, 0.8985384106636047, 1.7178651094436646
0.0, -3.0, 2.0
0.025149758905172348, 0.8405632376670837, 3.651411533355713
0.0, -3.0, 2.0
0.09447793662548065, 0.3593798875808716, 1.6794853210449219
0.0, -3.0, 2.0
0.12376399338245392, 0.10294517129659653, 3.6604886054992676
0.0, -3.0, 2.0
0.09602941572666168, 0.2920306622982025, 1.6280524730682373
0.0, -3.0, 2.0
0.09250127524137497, 0.6933493614196777, 3.571462631225586
0.0, -3.0, 2.0
0.10538136214017868, 0.5627264976501465, 2.5084664821624756
0.0, -3.0, 2.0
0.056702010333538055, 0.9947337508201599, 1.947108268737793
0.0, -3.0, 2.0
0.05805540829896927, 0.8155412673950195, 1.6307971477508545
0.0, -3.0, 2.0
0.10179909318685532, 0.10490617156028748, 1.5676169395446777
0.0, -3.0, 2.0
0.12112216651439667, 0.04160621017217636, 2.3643176555633545
0.0, -3.0, 2.0
0.11005578935146332, -0.1797253042459488, 1.6198595762252808
0.0, -3.0, 2.0
0.08166581392288208, 0.9845534563064575, 2.686279296875
0.0, -3.0, 2.0
0.1368015855550766, 0.2512459456920624, 3.5555334091186523
0.0, -3.0, 2.0
0.056768398731946945, 0.9450546503067017, 1.8446961641311646
0.0, -3.0, 2.0
0.10278254002332687, 0.44591376185417175, 2.117865800857544
0.0, -3.0, 2.0
0.14644840359687805, 0.5936200618743896, 3.3675827980041504
0.0, -3.0, 2.0
0.00242231716401875, 0.8793012499809265, 3.6453027725219727
0.0, -3.0, 2.0
0.05539552494883537, 0.8544818758964539, 3.60082745552063
0.0, -3.0, 2.0
0.10897647589445114, 0.2702900469303131, 2.07155442237854
0.0, -3.0, 2.0
0.059681832790374756, 0.9382614493370056, 1.886657476425171
0.0, -3.0, 2.0
0.11386757344007492, 0.8984741568565369, 3.381552219390869
0.0, -3.0, 2.0
0.04704265668988228, 0.5499796271324158, 3.733100414276123
0.0, -3.0, 2.0
0.11429350078105927, -0.15852820873260498, 1.8298189640045166
0.0, -3.0, 2.0
0.1653870940208435, -0.15553508698940277, 3.5190463066101074
0.0, -3.0, 2.0
0.15236590802669525, -0.09327488392591476, 3.5763330459594727
0.0, -3.0, 2.0
0.042485594749450684, 0.8526958227157593, 3.625021457672119
0.0, -3.0, 2.0
0.12486159801483154, -0.06210789084434509, 2.4653873443603516
0.0, -3.0, 2.0
0.07094106823205948, 0.7446381449699402, 1.742282509803772
0.0, -3.0, 2.0
0.0697084441781044, 0.7200356125831604, 1.6752099990844727
0.0, -3.0, 2.0
0.06355419009923935, 1.1707756519317627, 2.635698080062866
0.0, -3.0, 2.0
0.10086962580680847, 0.6333321332931519, 3.567206382751465
0.0, -3.0, 2.0
0.032646119594573975, 1.2124444246292114, 2.0099713802337646
0.0, -3.0, 2.0
0.128117173910141, 1.0936988592147827, 3.196089267730713
0.0, -3.0, 2.0
0.11194086074829102, 0.44922226667404175, 2.5828630924224854
0.0, -3.0, 2.0
0.01797332614660263, 1.1558382511138916, 1.7006200551986694
0.0, -3.0, 2.0
0.10154568403959274, 0.16776613891124725, 3.721773386001587
0.0, -3.0, 2.0
0.009322390891611576, 1.7282352447509766, 3.0605411529541016
0.0, -3.0, 2.0
0.05505990609526634, 0.8941968679428101, 1.7183228731155396
0.0, -3.0, 2.0
0.057893041521310806, 0.9405974745750427, 1.8567934036254883
0.0, -3.0, 2.0
0.015565183945000172, 1.3222912549972534, 2.020014524459839
0.0, -3.0, 2.0
0.10553639382123947, 1.2156490087509155, 3.22479248046875
0.0, -3.0, 2.0
0.11686519533395767, -0.09038282185792923, 2.0062804222106934
0.0, -3.0, 2.0
0.15639309585094452, -0.14778262376785278, 3.5679550170898438
0.0, -3.0, 2.0
0.06277107447385788, 1.0630674362182617, 2.2568187713623047
0.0, -3.0, 2.0
0.10814626514911652, -0.09692469239234924, 1.5976874828338623
0.0, -3.0, 2.0
0.16245079040527344, 0.2566818594932556, 3.41195011138916
0.0, -3.0, 2.0
0.09310244768857956, 0.44129955768585205, 1.766439437866211
0.0, -3.0, 2.0
0.08066228777170181, 0.34274569153785706, 3.731410264968872
0.0, -3.0, 2.0
0.11703623831272125, 0.049832090735435486, 2.1527819633483887
0.0, -3.0, 2.0
0.12540344893932343, 0.13091079890727997, 3.645923376083374
0.0, -3.0, 2.0
0.11012730002403259, -0.1347726285457611, 1.6526060104370117
0.0, -3.0, 2.0
0.08870841562747955, 0.4758250415325165, 1.6996338367462158
0.0, -3.0, 2.0
0.08300301432609558, 0.6310107111930847, 1.8152034282684326
0.0, -3.0, 2.0
0.00021561290486715734, 0.9906377196311951, 1.2838718891143799
0.0, -3.0, 2.0
0.05487436801195145, 0.7501097321510315, 1.4816672801971436
0.0, -3.0, 2.0
0.13243211805820465, 0.23187819123268127, 3.583346366882324
0.0, -3.0, 2.0
0.11754396557807922, -0.05138539522886276, 2.0742509365081787
0.0, -3.0, 2.0
0.09309355169534683, 0.6835730075836182, 2.2499046325683594
0.0, -3.0, 2.0
0.1005885899066925, 0.27590999007225037, 1.7485177516937256
0.0, -3.0, 2.0
0.08977509289979935, 0.6885682344436646, 2.137289047241211
0.0, -3.0, 2.0
0.1334458440542221, -0.15197500586509705, 2.892819881439209
0.0, -3.0, 2.0
0.10253753513097763, 0.20481832325458527, 1.7166688442230225
0.0, -3.0, 2.0
0.03265756368637085, 1.1726562976837158, 3.4666383266448975
0.0, -3.0, 2.0
0.1272689253091812, 0.008758718147873878, 2.685746192932129
0.0, -3.0, 2.0
0.12520119547843933, 0.5170770883560181, 3.5120787620544434
0.0, -3.0, 2.0
0.0749141275882721, 0.5516101717948914, 1.5118763446807861
0.0, -3.0, 2.0
0.0044276355765759945, 0.6433622241020203, 3.7351903915405273
0.0, -3.0, 2.0
0.1045704260468483, 0.4996740221977234, 2.3116564750671387
0.0, -3.0, 2.0
0.04684815928339958, 1.1314235925674438, 2.0670440196990967
0.0, -3.0, 2.0
0.1074834018945694, 0.47650811076164246, 2.4027724266052246
0.0, -3.0, 2.0
0.12194370478391647, 0.30616888403892517, 2.873811960220337
0.0, -3.0, 2.0
0.12273914366960526, 0.3408711850643158, 3.5910756587982178
0.0, -3.0, 2.0
0.049108996987342834, 0.8927574753761292, 1.6244029998779297
0.0, -3.0, 2.0
0.006084858905524015, 0.8227785229682922, 3.6692686080932617
0.0, -3.0, 2.0
-0.0005046838195994496, 1.0807507038116455, 3.5432658195495605
0.0, -3.0, 2.0
0.11407795548439026, 0.13823671638965607, 3.6884021759033203
0.0, -3.0, 2.0
0.15613503754138947, 0.009576617740094662, 3.528176784515381
0.0, -3.0, 2.0
0.06775835156440735, 1.022623896598816, 3.4829750061035156
0.0, -3.0, 2.0
0.1461343616247177, 0.9018979668617249, 3.2123823165893555
0.0, -3.0, 2.0
0.09544689208269119, 1.15278959274292, 3.3090286254882812
0.0, -3.0, 2.0
0.12466977536678314, 0.08834538608789444, 2.634521961212158
0.0, -3.0, 2.0
0.1083545833826065, 0.5274105668067932, 2.57844877243042
0.0, -3.0, 2.0
0.10117696970701218, 0.5874658226966858, 2.360731840133667
0.0, -3.0, 2.0
0.12252727895975113, 0.00024897156981751323, 3.691105842590332
0.0, -3.0, 2.0
0.1626717895269394, -0.345180869102478, 3.575958013534546
0.0, -3.0, 2.0
0.09605185687541962, 0.5221561789512634, 2.0063486099243164
0.0, -3.0, 2.0
0.08838606625795364, 0.4036828279495239, 1.5830907821655273
0.0, -3.0, 2.0
0.1122501790523529, -0.16419613361358643, 1.7288895845413208
0.0, -3.0, 2.0
0.029221396893262863, 0.8850097060203552, 1.3784396648406982
0.0, -3.0, 2.0
0.13188596069812775, -0.15989109873771667, 3.6886487007141113
0.0, -3.0, 2.0
0.07976748049259186, 0.7884467840194702, 2.0446009635925293
0.0, -3.0, 2.0
0.11860232800245285, 0.6966346502304077, 3.463139772415161
0.0, -3.0, 2.0
0.09957806766033173, 0.31329619884490967, 1.7695469856262207
0.0, -3.0, 2.0
0.10181062668561935, 1.1853806972503662, 3.26127290725708
0.0, -3.0, 2.0
0.07752154022455215, 0.33052098751068115, 3.7413783073425293
0.0, -3.0, 2.0
0.15651004016399384, 0.33622443675994873, 3.417590856552124
0.0, -3.0, 2.0
0.17334751784801483, -0.15098708868026733, 3.4704723358154297
0.0, -3.0, 2.0
0.1546010673046112, -0.23857343196868896, 3.5981035232543945
0.0, -3.0, 2.0
0.12891648709774017, 1.0950509309768677, 3.191091775894165
0.0, -3.0, 2.0
0.054750703275203705, 1.248810887336731, 2.6226797103881836
0.0, -3.0, 2.0
0.09137248992919922, 0.5705963969230652, 1.9423078298568726
0.0, -3.0, 2.0
0.03793924301862717, 0.7142396569252014, 3.689178466796875
0.0, -3.0, 2.0
0.08395057916641235, 0.4549960494041443, 1.5544906854629517
0.0, -3.0, 2.0
0.0975799411535263, 0.20470118522644043, 1.5580356121063232
0.0, -3.0, 2.0
0.06117793545126915, 1.099014401435852, 2.3158602714538574
0.0, -3.0, 2.0
0.11435278505086899, 0.14297427237033844, 2.135193109512329
0.0, -3.0, 2.0
0.11621879041194916, -0.008512589149177074, 2.0473480224609375
0.0, -3.0, 2.0
0.10498815774917603, 0.33378762006759644, 2.0045032501220703
0.0, -3.0, 2.0
0.12594561278820038, -0.03641925007104874, 2.554239273071289
0.0, -3.0, 2.0
-0.0001605609431862831, 1.0405166149139404, 1.3515079021453857
0.0, -3.0, 2.0
0.10178375244140625, 0.2861461341381073, 1.8052542209625244
0.0, -3.0, 2.0
0.056993912905454636, 0.8465838432312012, 1.6661521196365356
0.0, -3.0, 2.0
0.09149040281772614, 0.36422690749168396, 1.6046897172927856
0.0, -3.0, 2.0
0.06994776427745819, 0.9996845126152039, 2.2858974933624268
0.0, -3.0, 2.0
0.10259803384542465, 1.155208706855774, 3.2777352333068848
0.0, -3.0, 2.0
0.041871000081300735, 1.3059344291687012, 2.4514825344085693
0.0, -3.0, 2.0
0.03345610201358795, 1.081562876701355, 1.7464709281921387
0.0, -3.0, 2.0
0.06176658347249031, 1.8092352151870728, 2.9028143882751465
0.0, -3.0, 2.0
0.08612779527902603, 0.7870216965675354, 2.247313976287842
0.0, -3.0, 2.0
0.13229814171791077, 0.021064994856715202, 3.6456122398376465
0.0, -3.0, 2.0
0.04211325943470001, 0.9123676419258118, 3.5973386764526367
0.0, -3.0, 2.0
0.024634655565023422, 1.4536914825439453, 3.280299663543701
0.0, -3.0, 2.0
0.10464939475059509, 0.035395652055740356, 1.5883867740631104
0.0, -3.0, 2.0
0.06843257695436478, 0.409199982881546, 3.7388949394226074
0.0, -3.0, 2.0
0.10872548073530197, 0.09445514529943466, 1.8135324716567993
0.0, -3.0, 2.0
0.056200332939624786, 0.8781484365463257, 1.7083948850631714
0.0, -3.0, 2.0
0.11740633845329285, -0.0758299008011818, 2.0459043979644775
0.0, -3.0, 2.0
0.09102709591388702, 1.5855557918548584, 3.0055336952209473
0.0, -3.0, 2.0
-0.005382015369832516, 1.6125582456588745, 3.1640543937683105
0.0, -3.0, 2.0
0.09423811733722687, 1.1412639617919922, 3.321286916732788
0.0, -3.0, 2.0
0.1398291289806366, 0.668620228767395, 3.3690881729125977
0.0, -3.0, 2.0
0.10633427649736404, -0.07218337059020996, 1.5469967126846313
0.0, -3.0, 2.0
0.0287991501390934, 0.6177062392234802, 3.7318382263183594
0.0, -3.0, 2.0
0.07047787308692932, 1.3362679481506348, 3.271972894668579
0.0, -3.0, 2.0
0.10793615132570267, 0.39589616656303406, 3.6327457427978516
0.0, -3.0, 2.0
0.03301946818828583, 0.6976685523986816, 3.7008743286132812
0.0, -3.0, 2.0
0.0829070657491684, 1.3329615592956543, 3.233111619949341
0.0, -3.0, 2.0
0.03648027032613754, 1.8692022562026978, 2.8996336460113525
0.0, -3.0, 2.0
0.1502583771944046, -0.16761799156665802, 3.605165481567383
0.0, -3.0, 2.0
0.1127856895327568, 0.31408774852752686, 2.334764242172241
0.0, -3.0, 2.0
0.0928325355052948, 0.8399871587753296, 2.711015224456787
0.0, -3.0, 2.0
0.14282767474651337, 0.7602787017822266, 3.3071069717407227
0.0, -3.0, 2.0
0.04956037551164627, 1.1575262546539307, 2.1899361610412598
0.0, -3.0, 2.0
0.09402932971715927, 0.42564481496810913, 3.670588970184326
0.0, -3.0, 2.0
0.01633913442492485, 1.6675513982772827, 3.110913038253784
0.0, -3.0, 2.0
0.053678449243307114, 1.3529797792434692, 3.3054113388061523
0.0, -3.0, 2.0
0.0765850692987442, 0.7070580720901489, 1.797412395477295
0.0, -3.0, 2.0
0.031128909438848495, 1.264247179031372, 2.111046075820923
0.0, -3.0, 2.0
0.06034529581665993, 0.5950179100036621, 3.6971611976623535
0.0, -3.0, 2.0
0.023671139031648636, 1.1448782682418823, 1.7446262836456299
0.0, -3.0, 2.0
0.08015520125627518, 1.5799933671951294, 3.0500288009643555
0.0, -3.0, 2.0
0.11409152299165726, 1.3096219301223755, 3.120203971862793
0.0, -3.0, 2.0
0.12815168499946594, -0.1334523856639862, 2.5937695503234863
0.0, -3.0, 2.0
0.09860436618328094, 0.29675328731536865, 1.7132034301757812
0.0, -3.0, 2.0
0.0346069410443306, 1.9824280738830566, 2.7893259525299072
0.0, -3.0, 2.0
0.002644643420353532, 1.6250613927841187, 3.153830051422119
0.0, -3.0, 2.0
0.15744225680828094, 0.4307447373867035, 3.374757766723633
0.0, -3.0, 2.0
0.08187273144721985, 0.8453715443611145, 3.5353598594665527
0.0, -3.0, 2.0
0.027010539546608925, 1.0847817659378052, 1.6724462509155273
0.0, -3.0, 2.0
0.0840059295296669, 0.48328205943107605, 1.5968495607376099
0.0, -3.0, 2.0
0.09150425344705582, 0.8400195240974426, 3.5050690174102783
0.0, -3.0, 2.0
0.02359122410416603, 1.3410990238189697, 3.3650498390197754
0.0, -3.0, 2.0
0.054717931896448135, 0.5040068626403809, 3.735729217529297
0.0, -3.0, 2.0
0.10926898568868637, -0.17434830963611603, 1.5889325141906738
0.0, -3.0, 2.0
0.08482924103736877, 0.4802250266075134, 1.6110522747039795
0.0, -3.0, 2.0
0.09040828049182892, 0.8459205627441406, 2.6046159267425537
0.0, -3.0, 2.0
0.04356902837753296, 1.930603265762329, 2.8265774250030518
0.0, -3.0, 2.0
0.049678727984428406, 0.9760269522666931, 1.7824995517730713
0.0, -3.0, 2.0
0.12518784403800964, -0.1400054544210434, 3.7106151580810547
0.0, -3.0, 2.0
0.03312944620847702, 0.7771782875061035, 3.670135498046875
0.0, -3.0, 2.0
0.10978005826473236, 0.2962213158607483, 2.1523399353027344
0.0, -3.0, 2.0
0.11196236312389374, -0.11829276382923126, 1.7468477487564087
0.0, -3.0, 2.0
0.08202946186065674, 1.3681472539901733, 3.210458278656006
0.0, -3.0, 2.0
0.06260713189840317, 1.7996901273727417, 2.9095170497894287
0.0, -3.0, 2.0
0.14549097418785095, 0.4005567133426666, 3.4550764560699463
0.0, -3.0, 2.0
0.07453139871358871, 0.7388959527015686, 3.607403516769409
0.0, -3.0, 2.0
0.02960699424147606, 1.5440974235534668, 3.20223331451416
0.0, -3.0, 2.0
0.06184133142232895, 1.7944682836532593, 2.916473388671875
0.0, -3.0, 2.0
0.0975048691034317, 0.37441492080688477, 1.7954983711242676
0.0, -3.0, 2.0
0.04646679013967514, 1.1944904327392578, 2.2221171855926514
0.0, -3.0, 2.0
0.10560616105794907, 0.5230964422225952, 3.5945096015930176
0.0, -3.0, 2.0
0.11866094172000885, 1.0438945293426514, 3.2744202613830566
0.0, -3.0, 2.0
0.02416299656033516, 1.2430815696716309, 1.954199194908142
0.0, -3.0, 2.0
0.12069123238325119, 0.07822711765766144, 2.3862533569335938
new trace
!@!name: reference points
-0.016692490744724467, 5.989834991165095, -2.3750543196749465
0.05731903956200948, 5.963833321502198, -2.376898218257783
0.13070256754213153, 5.843496643241156, -2.385431868911704
0.20265408414980438, 5.630143396371572, -2.400561774737504
0.27238526982876793, 5.326111134635603, -2.422122168546256
0.33913213154671606, 4.934730914680287, -2.4498768290478257
0.40216337330194973, 4.460290800133347, -2.483521668952843
0.4607884083928443, 3.907988880461218, -2.5226880666322717
0.5143649256656146, 3.2838763193469767, -2.566946904831946
0.5623059268426173, 2.594791056564949, -2.6158132721930105
-0.01669249074472367, 6.397743276811612, -1.411150221683581
0.05731903956200955, 6.3703148508782395, -1.4130952981484253
0.1307025675421311, 6.243375092411068, -1.4220972048696852
0.20265408414980438, 6.01831478646627, -1.4380573146127191
0.27238526982876765, 5.69759975237441, -1.4608007642582428
0.3391321315467158, 5.284743827581616, -1.490078370648244
0.40216337330195, 4.784270369131317, -1.5255693607015415
0.4607884083928432, 4.201662694586332, -1.566884885887227
0.5143649256656141, 3.543304005373482, -1.6135722825504168
0.5623059268426189, 2.8164074507662056, -1.6651200314132026
-0.016692490744724345, 6.702687439405189, -0.4098726725049069
0.05731903956200976, 6.674132770179799, -0.41189761608739506
0.1307025675421311, 6.541980716562673, -0.4212691516413476
0.2026540841498048, 6.307679170873222, -0.43788460218233194
0.27238526982876793, 5.973795201871601, -0.4615619245066167
0.33913213154671606, 5.543986929284758, -0.49204170370387557
0.4021633733019503, 5.02296344449392, -0.5289899953745354
0.46078840839284374, 4.4164332165029005, -0.5720019844116049
0.5143649256656135, 3.7310415484648782, -0.620606420260394
0.5623059268426178, 2.974297770010244, -0.6742707800623555
-0.016692490744724623, 6.901326431275464, 0.6178080702420901
0.05731903956200962, 6.871958371151376, 0.6157254453512477
0.13070256754213125, 6.736041914703707, 0.6060869579490307
0.20265408414980451, 6.4950661980297575, 0.5889982098138273
0.2723852698287685, 6.151671413845323, 0.56464642972111
0.3391321315467166, 5.70961988484566, 0.5332984221161623
0.4021633733019503, 5.173754842718093, 0.4952976439351402
0.4607884083928432, 4.549947364434221, 0.4510604416013635
0.5143649256656141, 3.845032047201415, 0.40107148942553117
0.5623059268426184, 3.0667321268357224, 0.34587847938765837
-0.0166924907447236, 6.99148391189051, 1.660632468672763
0.057319039562009344, 6.961624224983565, 1.6585149802543158
0.1307025675421311, 6.823432501802651, 1.6487151427822226
0.20265408414980507, 6.578422806860003, 1.6313403258282704
0.27238526982876765, 6.229279530188007, 1.6065808924124108
0.33913213154671606, 5.779827976462853, 1.574708113335919
0.4021633733019492, 5.234992453970149, 1.5360711950678723
0.46078840839284374, 4.600742322600803, 1.4910934537480718
0.5143649256656141, 3.884026591989257, 1.440267677225218
0.5623059268426184, 3.0926977863540444, 1.3841507259448442
-0.016692490744724276, 6.972172092410521, 2.707175067066539
0.05731903956200941, 6.94214792922765, 2.7050459148751056
0.1307025675421311, 6.803195003825724, 2.695192096904921
0.20265408414980507, 6.556835720646767, 2.6777215741521667
0.2723852698287682, 6.205769256163395, 2.652825758214448
0.3391321315467158, 5.753841985998365, 2.620777414135479
0.40216337330194973, 5.206005343031425, 2.5819276719202193
0.4607884083928432, 4.568261568211055, 2.5367021794630853
0.5143649256656135, 3.8475979484392973, 2.485596439038752
0.5623059268426178, 3.051910262036576, 2.429170378450181
-0.016692490744723704, 6.843602558159624, 3.7459696721355957
0.05731903956200893, 6.81374287125268, 3.743852183717146
0.1307025675421311, 6.675551148071763, 3.734052346245054
0.2026540841498048, 6.430541453129116, 3.7166775292911005
0.2723852698287674, 6.081398176457121, 3.69191809587524
0.3391321315467158, 5.631946622731967, 3.6600453167987492
0.40216337330194973, 5.087111100239262, 3.6214083985307024
0.46078840839284374, 4.452860968869918, 3.5764306572109033
0.5143649256656141, 3.7361452382583717, 3.525604880688051
0.5623059268426178, 2.944816432623158, 3.4694879294076735
-0.0166924907447236, 6.607183950441966, 4.765634979625016
0.057319039562009066, 6.577815890317877, 4.763552354734174
0.1307025675421311, 6.44189943387021, 4.753913867331956
0.2026540841498048, 6.200923717196263, 4.736825119196753
0.27238526982876793, 5.857528933011826, 4.712473339104035
0.33913213154671606, 5.415477404012162, 4.68112533149909
0.4021633733019503, 4.879612361884597, 4.643124553318064
0.46078840839284374, 4.2558048836007245, 4.59888735098429
0.5143649256656135, 3.5508895663679167, 4.548898398808454
0.5623059268426184, 2.772589646002225, 4.493705388770584
-0.016692490744723357, 6.265506533100689, 5.75499927084652
0.05731903956200962, 6.236951863875301, 5.75297432726403
0.1307025675421307, 6.104799810258175, 5.743602791710079
0.20265408414980424, 5.870498264568724, 5.7269873411690915
0.27238526982876765, 5.536614295567102, 5.70331001884481
0.3391321315467155, 5.106806022980262, 5.672830239647549
0.4021633733019503, 4.58578253818942, 5.635881947976887
0.46078840839284374, 3.979252310198402, 5.5928699589398185
0.5143649256656141, 3.2938606421603804, 5.544265523091029
0.5623059268426184, 2.5371168637057453, 5.4906011632890666
-0.016692490744724137, 5.822313812912608, 6.703222812938193
0.05731903956201011, 5.794885386979235, 6.701277736473349
0.13070256754213153, 5.667945628512063, 6.692275829752091
0.20265408414980438, 5.442885322567266, 6.676315720009059
0.27238526982876765, 5.122170288475406, 6.653572270363533
0.33913213154671606, 4.709314363682611, 6.62429466397353
0.40216337330194973, 4.208840905232313, 6.588803673920231
0.4607884083928432, 3.626233230687327, 6.547488148734549
0.5143649256656141, 2.967874541474477, 6.500800752071355
0.5623059268426173, 2.2409779868672004, 6.449253003208572
