!@!title: Time: 2.8595
!@!name: model points
0.0, -3.0, 2.0
-0.003722088411450386, 0.6666727662086487, 1.4704108238220215
0.0, -3.0, 2.0
0.012766553089022636, 0.6601285338401794, 1.4705982208251953
0.0, -3.0, 2.0
0.028952283784747124, 0.6298707723617554, 1.4715964794158936
0.0, -3.0, 2.0
0.044453322887420654, 0.5769368410110474, 1.4734231233596802
0.0, -3.0, 2.0
0.05891367048025131, 0.5031099915504456, 1.4761240482330322
0.0, -3.0, 2.0
0.07202503830194473, 0.4108990430831909, 1.479694128036499
0.0, -3.0, 2.0
0.08357076346874237, 0.30345284938812256, 1.4839167594909668
0.0, -3.0, 2.0
0.09345663338899612, 0.1841573566198349, 1.4883509874343872
0.0, -3.0, 2.0
0.10154394060373306, 0.056041792035102844, 1.4932432174682617
0.0, -3.0, 2.0
0.10778898000717163, -0.07767488062381744, 1.4985721111297607
0.0, -3.0, 2.0
-0.004355491138994694, 0.8865567445755005, 1.6317954063415527
0.0, -3.0, 2.0
0.01493898406624794, 0.8784006237983704, 1.6317068338394165
0.0, -3.0, 2.0
0.03388534113764763, 0.8408623933792114, 1.631313681602478
0.0, -3.0, 2.0
0.05204961821436882, 0.7752231359481812, 1.6306498050689697
0.0, -3.0, 2.0
0.06903627514839172, 0.6837089657783508, 1.6297588348388672
0.0, -3.0, 2.0
0.08451829850673676, 0.5694024562835693, 1.6286436319351196
0.0, -3.0, 2.0
0.09825447201728821, 0.43592366576194763, 1.627280831336975
0.0, -3.0, 2.0
0.11011980473995209, 0.28717488050460815, 1.6255438327789307
0.0, -3.0, 2.0
0.12000124901533127, 0.12675271928310394, 1.6235538721084595
0.0, -3.0, 2.0
0.1277828961610794, -0.04172104224562645, 1.6216048002243042
0.0, -3.0, 2.0
-0.005168071947991848, 1.1463689804077148, 1.8731014728546143
0.0, -3.0, 2.0
0.017728501930832863, 1.1363914012908936, 1.872602105140686
0.0, -3.0, 2.0
0.04022378474473953, 1.0900464057922363, 1.870354175567627
0.0, -3.0, 2.0
0.06181063875555992, 1.0088608264923096, 1.8664426803588867
0.0, -3.0, 2.0
0.08202473074197769, 0.8955138325691223, 1.861007571220398
0.0, -3.0, 2.0
0.10049071162939072, 0.7538272738456726, 1.8541995286941528
0.0, -3.0, 2.0
0.11690235137939453, 0.5880425572395325, 1.84623122215271
0.0, -3.0, 2.0
0.13103942573070526, 0.4028066098690033, 1.8373335599899292
0.0, -3.0, 2.0
0.14282117784023285, 0.20298470556735992, 1.8276792764663696
0.0, -3.0, 2.0
0.15234889090061188, -0.006963660474866629, 1.8173158168792725
0.0, -3.0, 2.0
-0.0055938237346708775, 1.307374358177185, 2.20703387260437
0.0, -3.0, 2.0
0.019184397533535957, 1.2959251403808594, 2.206080198287964
0.0, -3.0, 2.0
0.04358686879277229, 1.245900273323059, 2.2021186351776123
0.0, -3.0, 2.0
0.06718248128890991, 1.1586602926254272, 2.195260524749756
0.0, -3.0, 2.0
0.08958282321691513, 1.0365304946899414, 2.1857025623321533
0.0, -3.0, 2.0
0.11042323708534241, 0.8822668194770813, 2.173644781112671
0.0, -3.0, 2.0
0.12936553359031677, 0.6992405652999878, 2.1593244075775146
0.0, -3.0, 2.0
0.14615985751152039, 0.491635799407959, 2.1430742740631104
0.0, -3.0, 2.0
0.16079728305339813, 0.2641682028770447, 2.125380277633667
0.0, -3.0, 2.0
0.17318806052207947, 0.02055325172841549, 2.1065292358398438
0.0, -3.0, 2.0
-0.00513254851102829, 1.2272874116897583, 2.5106053352355957
0.0, -3.0, 2.0
0.017599813640117645, 1.216416835784912, 2.509247064590454
0.0, -3.0, 2.0
0.03999042883515358, 1.1698369979858398, 2.5044493675231934
0.0, -3.0, 2.0
0.06166932359337807, 1.0889439582824707, 2.4964303970336914
0.0, -3.0, 2.0
0.0822921022772789, 0.975618839263916, 2.485374689102173
0.0, -3.0, 2.0
0.10154440999031067, 0.832348108291626, 2.471505880355835
0.0, -3.0, 2.0
0.11918363720178604, 0.6623539924621582, 2.4552242755889893
0.0, -3.0, 2.0
0.13500890135765076, 0.46901023387908936, 2.4368836879730225
0.0, -3.0, 2.0
0.14887435734272003, 0.25586676597595215, 2.4168615341186523
0.0, -3.0, 2.0
0.16070720553398132, 0.026493076235055923, 2.3955907821655273
0.0, -3.0, 2.0
-0.004712382331490517, 1.1213661432266235, 2.7642502784729004
0.0, -3.0, 2.0
0.016160640865564346, 1.1114567518234253, 2.7626657485961914
0.0, -3.0, 2.0
0.03672611713409424, 1.068659782409668, 2.757322072982788
0.0, -3.0, 2.0
0.05663452669978142, 0.9940076470375061, 2.7483267784118652
0.0, -3.0, 2.0
0.07557037472724915, 0.8894063234329224, 2.7359981536865234
0.0, -3.0, 2.0
0.09324239939451218, 0.7571527361869812, 2.720567464828491
0.0, -3.0, 2.0
0.10940172523260117, 0.600106418132782, 2.7023696899414062
0.0, -3.0, 2.0
0.1238599568605423, 0.42154884338378906, 2.681865692138672
0.0, -3.0, 2.0
0.13656853139400482, 0.22504489123821259, 2.6599483489990234
0.0, -3.0, 2.0
0.14735472202301025, 0.013603284023702145, 2.6365747451782227
0.0, -3.0, 2.0
-0.004386540036648512, 1.0100419521331787, 2.9843854904174805
0.0, -3.0, 2.0
0.01504481490701437, 1.0010120868682861, 2.9826674461364746
0.0, -3.0, 2.0
0.034182239323854446, 0.9612554907798767, 2.976555347442627
0.0, -3.0, 2.0
0.05269167572259903, 0.8919681906700134, 2.9663658142089844
0.0, -3.0, 2.0
0.07027283310890198, 0.7949716448783875, 2.9524800777435303
0.0, -3.0, 2.0
0.08664630353450775, 0.6724472045898438, 2.9351205825805664
0.0, -3.0, 2.0
0.10161004215478897, 0.5273265242576599, 2.914979934692383
0.0, -3.0, 2.0
0.11498056352138519, 0.36253246665000916, 2.8924269676208496
0.0, -3.0, 2.0
0.12666118144989014, 0.18127408623695374, 2.8681721687316895
0.0, -3.0, 2.0
0.13652276992797852, -0.01339808851480484, 2.842360019683838
0.0, -3.0, 2.0
-0.004158132243901491, 0.8985565304756165, 3.187129020690918
0.0, -3.0, 2.0
0.014261875301599503, 0.8902167081832886, 3.185246467590332
0.0, -3.0, 2.0
0.03241344541311264, 0.8535701632499695, 3.1789417266845703
0.0, -3.0, 2.0
0.04999208822846413, 0.7896257042884827, 3.1685123443603516
0.0, -3.0, 2.0
0.06670438498258591, 0.6997798681259155, 3.1540369987487793
0.0, -3.0, 2.0
0.08231493085622787, 0.586290180683136, 3.1362133026123047
0.0, -3.0, 2.0
0.09663037210702896, 0.4516265392303467, 3.115633487701416
0.0, -3.0, 2.0
0.10949605703353882, 0.2984139919281006, 3.092822790145874
0.0, -3.0, 2.0
0.12075646966695786, 0.12933127582073212, 3.0679361820220947
0.0, -3.0, 2.0
0.1303180754184723, -0.05270382761955261, 3.041445732116699
0.0, -3.0, 2.0
-0.004037202801555395, 0.7897870540618896, 3.3918893337249756
0.0, -3.0, 2.0
0.013849969953298569, 0.7821429967880249, 3.3900880813598633
0.0, -3.0, 2.0
0.031496964395046234, 0.7482008337974548, 3.3841047286987305
0.0, -3.0, 2.0
0.048622582107782364, 0.6887156367301941, 3.374070167541504
0.0, -3.0, 2.0
0.06496074795722961, 0.6049532890319824, 3.3601737022399902
0.0, -3.0, 2.0
0.08028102666139603, 0.49873343110084534, 3.342900276184082
0.0, -3.0, 2.0
0.09437508136034012, 0.3721332252025604, 3.322564125061035
0.0, -3.0, 2.0
0.10710923373699188, 0.2276250123977661, 3.3000500202178955
0.0, -3.0, 2.0
0.11836203932762146, 0.0676211565732956, 3.2758073806762695
0.0, -3.0, 2.0
0.12805302441120148, -0.10541165620088577, 3.250365734100342
0.0, -3.0, 2.0
-0.003985602408647537, 0.6738730669021606, 3.6005029678344727
0.0, -3.0, 2.0
0.013673455454409122, 0.6667197346687317, 3.5985894203186035
0.0, -3.0, 2.0
0.031102579087018967, 0.634876549243927, 3.592524528503418
0.0, -3.0, 2.0
0.04803505539894104, 0.5790365934371948, 3.5824856758117676
0.0, -3.0, 2.0
0.06422164291143417, 0.5003547668457031, 3.5687460899353027
0.0, -3.0, 2.0
0.07943907380104065, 0.40039366483688354, 3.551689624786377
0.0, -3.0, 2.0
0.09349952638149261, 0.2810450792312622, 3.5318400859832764
0.0, -3.0, 2.0
0.10624527931213379, 0.14439238607883453, 3.5096726417541504
0.0, -3.0, 2.0
0.11753641813993454, -0.007340922486037016, 3.4854841232299805
0.0, -3.0, 2.0
0.12725292146205902, -0.1717708557844162, 3.459501266479492
new trace
!@!name: context points 2.811000108718872
0.0, -3.0, 2.0
0.004616125486791134, 0.7278186082839966, 3.7065787315368652
0.0, -3.0, 2.0
0.011017377488315105, 0.33463254570961, 1.8745660781860352
0.0, -3.0, 2.0
0.06931418925523758, 0.7471781373023987, 3.6175386905670166
0.0, -3.0, 2.0
0.21318355202674866, -0.055179331451654434, 3.1826577186584473
0.0, -3.0, 2.0
0.12586192786693573, 0.38147756457328796, 3.562237501144409
0.0, -3.0, 2.0
0.03324500843882561, 0.9757936000823975, 3.5782008171081543
0.0, -3.0, 2.0
0.09683728218078613, 0.8599814772605896, 3.4747233390808105
0.0, -3.0, 2.0
0.09917855262756348, 0.8892415165901184, 3.4499833583831787
0.0, -3.0, 2.0
0.10842746496200562, 1.2319180965423584, 3.2007975578308105
0.0, -3.0, 2.0
0.09049047529697418, 0.7513522505760193, 1.9594699144363403
0.0, -3.0, 2.0
0.008216281421482563, 1.397180199623108, 3.3351030349731445
0.0, -3.0, 2.0
0.05087067931890488, 1.3498166799545288, 3.3141486644744873
0.0, -3.0, 2.0
0.024002453312277794, 0.2817389667034149, 1.8428163528442383
0.0, -3.0, 2.0
0.05998312309384346, -0.08725068718194962, 1.8346054553985596
0.0, -3.0, 2.0
0.0078056612983345985, 0.3050146698951721, 1.7858208417892456
0.0, -3.0, 2.0
0.322783499956131, 0.17007610201835632, 2.3128137588500977
0.0, -3.0, 2.0
0.305728554725647, 1.4847769737243652, 1.759293794631958
0.0, -3.0, 2.0
0.024189310148358345, 1.703994870185852, 3.0712594985961914
0.0, -3.0, 2.0
0.17062827944755554, 2.5317494869232178, 1.7047770023345947
0.0, -3.0, 2.0
0.031174521893262863, 1.82088041305542, 2.9542009830474854
0.0, -3.0, 2.0
0.21095851063728333, 0.5934413075447083, 2.9546804428100586
0.0, -3.0, 2.0
0.01848439872264862, 0.3062065541744232, 1.8505191802978516
0.0, -3.0, 2.0
0.050473179668188095, 0.07049577683210373, 1.8538224697113037
0.0, -3.0, 2.0
0.11459524184465408, 0.2361201047897339, 3.6590118408203125
0.0, -3.0, 2.0
0.0453723780810833, 0.11334915459156036, 1.7935078144073486
0.0, -3.0, 2.0
0.24078509211540222, -0.12135915458202362, 3.0073204040527344
0.0, -3.0, 2.0
0.011588658206164837, 0.329171746969223, 1.8621330261230469
0.0, -3.0, 2.0
0.0064772143959999084, 1.9317892789840698, 2.8660809993743896
0.0, -3.0, 2.0
0.12835291028022766, -0.0977829098701477, 3.6901307106018066
0.0, -3.0, 2.0
0.12218669056892395, -0.040244847536087036, 3.7014358043670654
0.0, -3.0, 2.0
0.1409013867378235, -0.18247702717781067, 3.654130458831787
0.0, -3.0, 2.0
0.17332705855369568, -0.17726527154445648, 3.477133274078369
0.0, -3.0, 2.0
0.06343430280685425, 0.7934842109680176, 3.6112747192382812
0.0, -3.0, 2.0
0.38163721561431885, 1.2586371898651123, 1.344938039779663
0.0, -3.0, 2.0
0.11935494840145111, 0.3431810438632965, 3.6050350666046143
0.0, -3.0, 2.0
0.013625280000269413, 0.6975177526473999, 3.714841365814209
0.0, -3.0, 2.0
0.19137045741081238, 0.19652780890464783, 3.2499594688415527
0.0, -3.0, 2.0
0.08008265495300293, 0.9184908270835876, 1.6860640048980713
0.0, -3.0, 2.0
0.057942308485507965, 1.3570013046264648, 3.2920451164245605
0.0, -3.0, 2.0
0.03857146576046944, 1.588879108428955, 3.151264190673828
0.0, -3.0, 2.0
0.11673083901405334, 0.6073624491691589, 3.5126421451568604
0.0, -3.0, 2.0
0.09777180105447769, 3.049666404724121, 1.3797608613967896
0.0, -3.0, 2.0
0.04572659358382225, 0.1190880760550499, 1.8253322839736938
0.0, -3.0, 2.0
0.13999085128307343, 0.3197076618671417, 3.515183448791504
0.0, -3.0, 2.0
0.20388419926166534, 0.2038538008928299, 3.1628806591033936
0.0, -3.0, 2.0
0.04669053852558136, 0.1090220957994461, 1.8265997171401978
0.0, -3.0, 2.0
0.12854346632957458, 0.18090161681175232, 3.617499589920044
0.0, -3.0, 2.0
0.10335755348205566, 2.7207632064819336, 1.774635910987854
0.0, -3.0, 2.0
0.12423421442508698, 0.8298778533935547, 3.368945598602295
0.0, -3.0, 2.0
0.051753219217061996, 0.04320411756634712, 1.8100755214691162
0.0, -3.0, 2.0
0.1873614639043808, 0.4364066421985626, 3.1842453479766846
0.0, -3.0, 2.0
0.08335497975349426, 0.7355117201805115, 1.807878017425537
0.0, -3.0, 2.0
0.022612957283854485, 0.8707015514373779, 3.6401805877685547
0.0, -3.0, 2.0
0.04307093098759651, 2.122188091278076, 2.6283762454986572
0.0, -3.0, 2.0
0.011089221574366093, 0.9988831877708435, 3.585203170776367
0.0, -3.0, 2.0
0.28403082489967346, 0.39065417647361755, 2.5152392387390137
0.0, -3.0, 2.0
0.04890827462077141, 0.06269650906324387, 1.7552385330200195
0.0, -3.0, 2.0
0.39924702048301697, 1.3432060480117798, 1.1615686416625977
0.0, -3.0, 2.0
0.07166153937578201, 0.9794718623161316, 1.9150062799453735
0.0, -3.0, 2.0
0.048025231808423996, 0.6997812390327454, 3.68052339553833
0.0, -3.0, 2.0
0.034324560314416885, 0.5179361701011658, 3.7559759616851807
0.0, -3.0, 2.0
0.1521586775779724, 0.9183322787284851, 3.1682748794555664
0.0, -3.0, 2.0
0.09077993780374527, 0.6586043834686279, 1.562692642211914
0.0, -3.0, 2.0
0.02026541531085968, 0.2778676450252533, 1.793534517288208
0.0, -3.0, 2.0
0.09579433500766754, 0.16797691583633423, 3.7375411987304688
0.0, -3.0, 2.0
-0.002340108621865511, 1.1322917938232422, 3.5133183002471924
0.0, -3.0, 2.0
-0.0033113458193838596, 2.499387741088867, 2.232330322265625
0.0, -3.0, 2.0
0.04519454389810562, 0.10943808406591415, 1.775800347328186
0.0, -3.0, 2.0
0.027347851544618607, 0.8365730047225952, 3.6511285305023193
0.0, -3.0, 2.0
0.3671092391014099, 0.20022821426391602, 1.971651315689087
0.0, -3.0, 2.0
0.08081584423780441, 0.3458747863769531, 3.7302303314208984
0.0, -3.0, 2.0
0.1187957376241684, 2.2153003215789795, 2.2907395362854004
0.0, -3.0, 2.0
0.00895493384450674, 0.29227396845817566, 1.7620187997817993
0.0, -3.0, 2.0
0.132071390748024, 1.0420044660568237, 3.207512378692627
0.0, -3.0, 2.0
0.0026125262957066298, 0.34591689705848694, 1.8773804903030396
0.0, -3.0, 2.0
0.17677882313728333, 0.7299126982688904, 3.117860794067383
0.0, -3.0, 2.0
0.054890044033527374, 0.4395604729652405, 3.7530016899108887
0.0, -3.0, 2.0
0.05275101214647293, 0.8368995189666748, 3.614353656768799
0.0, -3.0, 2.0
0.18150128424167633, 0.35258471965789795, 3.2566676139831543
0.0, -3.0, 2.0
0.1503903567790985, 0.062015142291784286, 3.5446300506591797
0.0, -3.0, 2.0
0.029549386352300644, 2.1997129917144775, 2.5640151500701904
0.0, -3.0, 2.0
0.42925363779067993, -0.04393024742603302, 1.596964716911316
0.0, -3.0, 2.0
0.07077755779027939, 2.0384390354156494, 2.6511647701263428
0.0, -3.0, 2.0
0.0834159329533577, 3.095296859741211, 1.3591859340667725
0.0, -3.0, 2.0
0.11275223642587662, 0.19107207655906677, 3.678926944732666
0.0, -3.0, 2.0
0.07334952056407928, 0.8840762972831726, 1.8813869953155518
0.0, -3.0, 2.0
-0.004713612142950296, 1.3665674924850464, 3.358529567718506
0.0, -3.0, 2.0
0.17505906522274017, 0.9280748963356018, 3.0223917961120605
0.0, -3.0, 2.0
0.42135539650917053, -0.2058877795934677, 1.7085307836532593
0.0, -3.0, 2.0
0.028303027153015137, 0.23632188141345978, 1.7790286540985107
0.0, -3.0, 2.0
0.1302839070558548, -0.039593055844306946, 3.6692733764648438
0.0, -3.0, 2.0
0.0896989181637764, 1.506258487701416, 3.0755817890167236
0.0, -3.0, 2.0
0.3352031111717224, -0.22935837507247925, 2.3499550819396973
0.0, -3.0, 2.0
0.12097551673650742, 1.4420429468154907, 2.9887659549713135
0.0, -3.0, 2.0
0.005596918985247612, 0.6548623442649841, 3.7313733100891113
0.0, -3.0, 2.0
0.04973411560058594, 1.8523085117340088, 2.8909480571746826
0.0, -3.0, 2.0
0.028854507952928543, 0.5621445178985596, 3.7483601570129395
0.0, -3.0, 2.0
0.0021922090090811253, 0.6798182129859924, 3.723572254180908
0.0, -3.0, 2.0
0.03837815672159195, 1.6263140439987183, 3.119699239730835
0.0, -3.0, 2.0
0.14570586383342743, -0.19481128454208374, 3.6339683532714844
0.0, -3.0, 2.0
0.1820755898952484, -0.23860597610473633, 3.437741279602051
0.0, -3.0, 2.0
0.039738915860652924, 0.18836656212806702, 1.8682239055633545
0.0, -3.0, 2.0
0.042284633964300156, 0.13081994652748108, 1.7581647634506226
0.0, -3.0, 2.0
0.19275490939617157, 0.7805132865905762, 2.9870517253875732
0.0, -3.0, 2.0
0.060612089931964874, 0.6322702765464783, 3.6833655834198
0.0, -3.0, 2.0
-0.007730818819254637, 2.93754506111145, 1.6750761270523071
0.0, -3.0, 2.0
0.15088391304016113, 0.9541716575622559, 3.1551403999328613
0.0, -3.0, 2.0
0.12587134540081024, 0.23444852232933044, 3.6127731800079346
0.0, -3.0, 2.0
0.057604700326919556, -0.040886640548706055, 1.8398981094360352
0.0, -3.0, 2.0
0.3041131794452667, 0.6247014999389648, 2.26416015625
0.0, -3.0, 2.0
0.1832868754863739, 0.22237345576286316, 3.2939419746398926
0.0, -3.0, 2.0
0.04637020453810692, 2.151047468185425, 2.5910024642944336
0.0, -3.0, 2.0
0.07553116977214813, 0.44266247749328613, 3.7147583961486816
0.0, -3.0, 2.0
0.2999621629714966, -0.03344017639756203, 2.5505967140197754
0.0, -3.0, 2.0
0.1758253276348114, 0.1256651133298874, 3.3748629093170166
0.0, -3.0, 2.0
0.08612117916345596, 0.8570281267166138, 2.4078333377838135
0.0, -3.0, 2.0
0.1697019785642624, 0.23539823293685913, 3.3754849433898926
0.0, -3.0, 2.0
0.282160222530365, 0.014094278216362, 2.6662991046905518
0.0, -3.0, 2.0
-0.0006668223068118095, 0.5773879289627075, 3.7549004554748535
0.0, -3.0, 2.0
0.07193515449762344, 0.8382061719894409, 2.2004873752593994
0.0, -3.0, 2.0
0.05516042932868004, -0.0028499364852905273, 1.8246220350265503
0.0, -3.0, 2.0
0.045016221702098846, 0.12667079269886017, 1.8258700370788574
0.0, -3.0, 2.0
0.011702822521328926, 0.3352544903755188, 1.8806583881378174
0.0, -3.0, 2.0
0.15769755840301514, 0.5360642075538635, 3.3283395767211914
0.0, -3.0, 2.0
0.2505625784397125, 0.6548715233802795, 2.64396071434021
0.0, -3.0, 2.0
0.11127261072397232, 0.7103867530822754, 3.489675283432007
0.0, -3.0, 2.0
0.017252527177333832, 0.30358853936195374, 1.8324846029281616
0.0, -3.0, 2.0
0.38018009066581726, 0.4529365599155426, 1.7720624208450317
0.0, -3.0, 2.0
0.10428884625434875, 1.9831174612045288, 2.589071750640869
0.0, -3.0, 2.0
0.06213665008544922, 2.13804030418396, 2.569873094558716
0.0, -3.0, 2.0
0.03838806599378586, 0.17862729728221893, 1.8000845909118652
0.0, -3.0, 2.0
0.1702171415090561, -0.3184524476528168, 3.5275583267211914
0.0, -3.0, 2.0
0.0852770283818245, 1.4115195274353027, 3.166196346282959
0.0, -3.0, 2.0
0.15792152285575867, -0.31016361713409424, 3.5950570106506348
0.0, -3.0, 2.0
0.17512273788452148, 1.083303689956665, 2.9296774864196777
0.0, -3.0, 2.0
0.05420604348182678, -0.00464599160477519, 1.7581053972244263
0.0, -3.0, 2.0
-0.003806561231613159, 2.3691251277923584, 2.3878655433654785
0.0, -3.0, 2.0
0.11523041129112244, -0.0026644624304026365, 3.717750072479248
0.0, -3.0, 2.0
0.246487557888031, 1.052966833114624, 2.461970329284668
0.0, -3.0, 2.0
0.11604494601488113, 0.28733232617378235, 3.6374282836914062
0.0, -3.0, 2.0
0.46923545002937317, -0.632764458656311, 1.480365514755249
0.0, -3.0, 2.0
0.07393734902143478, 0.4062420129776001, 3.7287960052490234
0.0, -3.0, 2.0
0.2177005261182785, 0.5537005662918091, 2.925769567489624
0.0, -3.0, 2.0
0.13741439580917358, -0.2077677845954895, 3.674832344055176
0.0, -3.0, 2.0
0.10865316540002823, 0.7284038066864014, 2.127096652984619
0.0, -3.0, 2.0
0.4076521694660187, -0.4546348750591278, 1.8812299966812134
0.0, -3.0, 2.0
-0.003625277429819107, 0.5383872389793396, 3.765054702758789
0.0, -3.0, 2.0
0.2810382544994354, 0.2582470178604126, 2.589313507080078
0.0, -3.0, 2.0
0.04848853871226311, 0.09521601349115372, 1.8535650968551636
0.0, -3.0, 2.0
0.0761866346001625, 0.3635759949684143, 3.735659599304199
0.0, -3.0, 2.0
0.16774751245975494, 0.0159236341714859, 3.4588088989257812
0.0, -3.0, 2.0
0.08984207361936569, 0.7975453734397888, 2.4075143337249756
0.0, -3.0, 2.0
0.13495443761348724, 0.21309295296669006, 3.5772993564605713
0.0, -3.0, 2.0
0.045007266104221344, 0.9453373551368713, 3.5760412216186523
0.0, -3.0, 2.0
0.0149987218901515, 0.2947784960269928, 1.7947337627410889
0.0, -3.0, 2.0
0.16820381581783295, 0.008378428407013416, 3.4582736492156982
0.0, -3.0, 2.0
0.3040141463279724, 0.26579970121383667, 2.4165544509887695
0.0, -3.0, 2.0
0.32290634512901306, 0.44721129536628723, 2.2029919624328613
0.0, -3.0, 2.0
0.006654298398643732, 0.3452324867248535, 1.8854072093963623
0.0, -3.0, 2.0
0.05573536083102226, -0.02797243557870388, 1.75645112991333
0.0, -3.0, 2.0
0.07584348320960999, 0.8434789180755615, 2.2555603981018066
0.0, -3.0, 2.0
0.21627403795719147, 1.2689815759658813, 2.538429021835327
0.0, -3.0, 2.0
0.13339662551879883, -0.022148191928863525, 3.6516175270080566
0.0, -3.0, 2.0
0.09428224712610245, 0.7448701858520508, 1.9696053266525269
0.0, -3.0, 2.0
0.3763927221298218, -0.28045418858528137, 2.0618865489959717
0.0, -3.0, 2.0
0.0973859652876854, 0.7586597204208374, 3.5233712196350098
0.0, -3.0, 2.0
0.14445766806602478, -0.3440806269645691, 3.668198347091675
0.0, -3.0, 2.0
0.0825408324599266, 0.8671687245368958, 3.522174596786499
0.0, -3.0, 2.0
0.08535950630903244, 0.46161893010139465, 3.6841344833374023
0.0, -3.0, 2.0
0.2634376287460327, 1.1571502685546875, 2.277851104736328
0.0, -3.0, 2.0
0.012045126408338547, 0.29667598009109497, 1.7833086252212524
0.0, -3.0, 2.0
0.21427755057811737, 1.2740082740783691, 2.5486807823181152
0.0, -3.0, 2.0
0.09234940260648727, 0.6753026843070984, 1.6290994882583618
0.0, -3.0, 2.0
0.2370174080133438, 0.2107616364955902, 2.9275426864624023
0.0, -3.0, 2.0
0.014730606228113174, 0.6481156945228577, 3.7308948040008545
0.0, -3.0, 2.0
0.4204499423503876, 0.5944737195968628, 1.406641960144043
0.0, -3.0, 2.0
0.13670073449611664, 1.2287517786026, 3.0619359016418457
0.0, -3.0, 2.0
0.018037118017673492, 0.2939434051513672, 1.8141182661056519
0.0, -3.0, 2.0
0.060013726353645325, 2.823904514312744, 1.763350009918213
0.0, -3.0, 2.0
0.13921178877353668, 2.959939479827881, 1.3495869636535645
0.0, -3.0, 2.0
0.005279715172946453, 0.9929760694503784, 3.5900843143463135
0.0, -3.0, 2.0
-0.0054820808582007885, 1.4912235736846924, 3.263889789581299
0.0, -3.0, 2.0
0.061563629657030106, 0.3930646479129791, 3.754749298095703
0.0, -3.0, 2.0
0.07986314594745636, 2.5415570735931396, 2.0636253356933594
0.0, -3.0, 2.0
0.23077355325222015, 0.18385732173919678, 2.981804370880127
0.0, -3.0, 2.0
0.18076862394809723, 0.06385072320699692, 3.3633193969726562
0.0, -3.0, 2.0
0.24238237738609314, 1.112513542175293, 2.455698251724243
0.0, -3.0, 2.0
-0.0002804722753353417, 0.32997018098831177, 1.8323824405670166
0.0, -3.0, 2.0
0.0848340317606926, 0.7033148407936096, 3.5926077365875244
0.0, -3.0, 2.0
0.08333790302276611, 0.32434776425361633, 3.7301056385040283
0.0, -3.0, 2.0
0.0005648406804539263, 3.0886406898498535, 1.4747134447097778
0.0, -3.0, 2.0
0.030884666368365288, 0.7950360774993896, 3.665231227874756
0.0, -3.0, 2.0
0.5218568444252014, -0.6210586428642273, 1.0956394672393799
0.0, -3.0, 2.0
0.017724476754665375, 1.7102794647216797, 3.0717051029205322
0.0, -3.0, 2.0
0.11762114614248276, -0.05946159362792969, 3.721412181854248
0.0, -3.0, 2.0
0.016465675085783005, 0.3185417354106903, 1.8673936128616333
0.0, -3.0, 2.0
0.45337241888046265, -0.5665291547775269, 1.5780826807022095
0.0, -3.0, 2.0
0.30361971259117126, 0.45321983098983765, 2.344043254852295
0.0, -3.0, 2.0
0.15389348566532135, -0.3473235070705414, 3.623152732849121
0.0, -3.0, 2.0
0.1511174738407135, -0.2582003176212311, 3.62021803855896
new trace
!@!name: context points 2.9079999923706055
0.0, -3.0, 2.0
0.058659642934799194, -0.059887003153562546, 1.8425660133361816
0.0, -3.0, 2.0
0.037543050944805145, 1.6340839862823486, 3.1144142150878906
0.0, -3.0, 2.0
0.05833747982978821, 0.6943656206130981, 3.6642627716064453
0.0, -3.0, 2.0
0.310078889131546, -0.1329214721918106, 2.5066046714782715
0.0, -3.0, 2.0
0.02999834343791008, 2.739396095275879, 1.9173955917358398
0.0, -3.0, 2.0
0.06981205195188522, 1.0699129104614258, 2.4010772705078125
0.0, -3.0, 2.0
0.0850323811173439, 0.3376185894012451, 3.722473621368408
0.0, -3.0, 2.0
0.20788931846618652, 1.2034485340118408, 2.638310194015503
0.0, -3.0, 2.0
0.058401431888341904, 0.7922048568725586, 3.623082160949707
0.0, -3.0, 2.0
0.011879341676831245, 2.2923405170440674, 2.474463939666748
0.0, -3.0, 2.0
0.0930231586098671, 0.7436533570289612, 1.946310043334961
0.0, -3.0, 2.0
0.015975169837474823, 1.9935301542282104, 2.7984230518341064
0.0, -3.0, 2.0
0.25582757592201233, 0.04337798058986664, 2.8490591049194336
0.0, -3.0, 2.0
0.12049010396003723, 2.2547004222869873, 2.241666555404663
0.0, -3.0, 2.0
0.06161234900355339, 1.8919683694839478, 2.8238377571105957
0.0, -3.0, 2.0
0.07361630350351334, 1.317912220954895, 3.275365114212036
0.0, -3.0, 2.0
0.1201370358467102, 0.9535069465637207, 3.320809841156006
0.0, -3.0, 2.0
0.03237954154610634, 0.2083422690629959, 1.7674740552902222
0.0, -3.0, 2.0
0.09481080621480942, 0.43819570541381836, 3.6638994216918945
0.0, -3.0, 2.0
0.1297130435705185, 1.1780143976211548, 3.133239269256592
0.0, -3.0, 2.0
0.04999876022338867, 1.01027250289917, 3.532322883605957
0.0, -3.0, 2.0
0.16052167117595673, -0.20770902931690216, 3.559135913848877
0.0, -3.0, 2.0
0.046136558055877686, 0.91875159740448, 3.587447166442871
0.0, -3.0, 2.0
0.08294781297445297, 0.8088734149932861, 3.549872636795044
0.0, -3.0, 2.0
-0.0013220896944403648, 0.30472156405448914, 1.7743088006973267
0.0, -3.0, 2.0
0.07644035667181015, 0.7585186958312988, 1.8133273124694824
0.0, -3.0, 2.0
0.12358292937278748, 0.6647952198982239, 1.961721420288086
0.0, -3.0, 2.0
0.06933975964784622, 0.8319252729415894, 3.5786638259887695
0.0, -3.0, 2.0
0.026412900537252426, 1.193716049194336, 3.461183547973633
0.0, -3.0, 2.0
0.2340012639760971, 0.010116932913661003, 3.01664400100708
0.0, -3.0, 2.0
0.009413989260792732, 0.3104376792907715, 1.8035954236984253
0.0, -3.0, 2.0
0.2922091484069824, -0.1835540235042572, 2.652282953262329
0.0, -3.0, 2.0
0.12045539915561676, 1.22647225856781, 3.1476433277130127
0.0, -3.0, 2.0
0.4087991714477539, 1.2382508516311646, 1.154125690460205
0.0, -3.0, 2.0
0.04516707360744476, 0.9964970350265503, 3.5489699840545654
0.0, -3.0, 2.0
0.042678963392972946, 1.080440640449524, 3.5064754486083984
0.0, -3.0, 2.0
0.10776514559984207, 0.4277249872684479, 3.6221351623535156
0.0, -3.0, 2.0
0.22103343904018402, 0.8209688067436218, 2.7717156410217285
0.0, -3.0, 2.0
0.03858229145407677, 0.19133682548999786, 1.8443663120269775
0.0, -3.0, 2.0
0.19088661670684814, -0.2894749641418457, 3.39320969581604
0.0, -3.0, 2.0
0.06900794059038162, 2.44972562789917, 2.201597213745117
0.0, -3.0, 2.0
0.0740482285618782, 0.40143927931785583, 3.729900360107422
0.0, -3.0, 2.0
0.11007200181484222, 0.3561069667339325, 3.6382317543029785
0.0, -3.0, 2.0
0.0030301485676318407, 0.6596510410308838, 3.7301461696624756
0.0, -3.0, 2.0
-0.00533403130248189, 1.1602623462677002, 3.4960172176361084
0.0, -3.0, 2.0
0.1311868280172348, 0.7170838713645935, 3.3913631439208984
0.0, -3.0, 2.0
0.219518780708313, 0.41354045271873474, 2.9735498428344727
0.0, -3.0, 2.0
0.014092566445469856, 0.29715195298194885, 1.7949020862579346
0.0, -3.0, 2.0
0.060792677104473114, 1.0208845138549805, 3.5022521018981934
0.0, -3.0, 2.0
0.2736382782459259, 0.1088123545050621, 2.6973860263824463
0.0, -3.0, 2.0
0.18574194610118866, 0.9712455868721008, 2.9285547733306885
0.0, -3.0, 2.0
0.038801614195108414, 0.903281033039093, 3.606788158416748
0.0, -3.0, 2.0
0.3575870096683502, -0.08209627866744995, 2.1404831409454346
0.0, -3.0, 2.0
0.14204661548137665, 0.8928025364875793, 3.240525007247925
0.0, -3.0, 2.0
0.05214599892497063, 0.03578236326575279, 1.8016860485076904
0.0, -3.0, 2.0
0.31247079372406006, 1.29964280128479, 1.832106590270996
0.0, -3.0, 2.0
0.07273547351360321, 0.579875111579895, 3.6758604049682617
0.0, -3.0, 2.0
0.3286462128162384, 1.8073172569274902, 1.3612464666366577
0.0, -3.0, 2.0
0.09685751795768738, 0.6939311623573303, 3.5555057525634766
0.0, -3.0, 2.0
0.09831036627292633, 0.757047712802887, 2.1386594772338867
0.0, -3.0, 2.0
0.20401962101459503, 0.6236751079559326, 2.9884514808654785
0.0, -3.0, 2.0
0.036211755126714706, 1.7997653484344482, 2.9666922092437744
0.0, -3.0, 2.0
0.22984431684017181, -0.2709188759326935, 3.1243081092834473
0.0, -3.0, 2.0
0.14065249264240265, -0.2623790502548218, 3.670959711074829
0.0, -3.0, 2.0
0.08338753134012222, 0.8625510334968567, 2.3750271797180176
0.0, -3.0, 2.0
0.24659602344036102, 0.3163299262523651, 2.8189258575439453
0.0, -3.0, 2.0
0.27062883973121643, 0.42228370904922485, 2.6009459495544434
0.0, -3.0, 2.0
0.11175891757011414, 0.9139353632926941, 3.382648468017578
0.0, -3.0, 2.0
0.07730132341384888, 0.7501684427261353, 1.8363536596298218
0.0, -3.0, 2.0
0.00726005993783474, 1.069799780845642, 3.5483639240264893
0.0, -3.0, 2.0
0.07696516066789627, 0.8720434904098511, 3.5372514724731445
0.0, -3.0, 2.0
0.11770609766244888, 0.6775335669517517, 1.9257640838623047
0.0, -3.0, 2.0
0.2149052619934082, 0.16782031953334808, 3.0993762016296387
0.0, -3.0, 2.0
0.12657499313354492, 2.9608821868896484, 1.3969637155532837
0.0, -3.0, 2.0
0.09729627519845963, 0.42801883816719055, 3.6593120098114014
0.0, -3.0, 2.0
0.14381834864616394, 0.21351325511932373, 3.5321671962738037
0.0, -3.0, 2.0
0.2441043257713318, 1.000540018081665, 2.5094146728515625
0.0, -3.0, 2.0
0.055087894201278687, -0.01948075369000435, 1.751318097114563
0.0, -3.0, 2.0
0.12929736077785492, -0.22057001292705536, 3.709987163543701
0.0, -3.0, 2.0
0.263930082321167, 1.3688302040100098, 2.138617753982544
0.0, -3.0, 2.0
0.16150635480880737, 0.9493195414543152, 3.0946531295776367
0.0, -3.0, 2.0
0.10186278820037842, 1.4487967491149902, 3.071506977081299
0.0, -3.0, 2.0
0.07958366721868515, 0.757022500038147, 1.885108470916748
0.0, -3.0, 2.0
0.13180731236934662, 0.1465613692998886, 3.6129536628723145
0.0, -3.0, 2.0
0.03212736174464226, 0.5546901226043701, 3.7478315830230713
0.0, -3.0, 2.0
0.16497913002967834, -0.0033967322669923306, 3.4809389114379883
0.0, -3.0, 2.0
0.15888863801956177, 0.5379517078399658, 3.3203964233398438
0.0, -3.0, 2.0
0.053408946841955185, 3.2451603412628174, 1.2200322151184082
0.0, -3.0, 2.0
0.010674252174794674, 0.319678395986557, 1.8316526412963867
0.0, -3.0, 2.0
0.13580797612667084, 2.381589651107788, 2.0370068550109863
0.0, -3.0, 2.0
-0.00014280412869993597, 0.9849116206169128, 3.5947482585906982
0.0, -3.0, 2.0
0.21058201789855957, -0.006424027495086193, 3.186115264892578
0.0, -3.0, 2.0
0.17043794691562653, 0.6821383237838745, 3.181992530822754
0.0, -3.0, 2.0
0.18213222920894623, -0.29974862933158875, 3.4512429237365723
0.0, -3.0, 2.0
0.09561015665531158, 0.685949444770813, 1.694469690322876
0.0, -3.0, 2.0
0.07762766629457474, 0.9284085631370544, 1.749035120010376
0.0, -3.0, 2.0
0.04635382816195488, 1.1046687364578247, 3.4854915142059326
0.0, -3.0, 2.0
0.05195635184645653, 2.1853301525115967, 2.542271375656128
0.0, -3.0, 2.0
0.4691079258918762, -0.24247485399246216, 1.3682470321655273
0.0, -3.0, 2.0
0.1698911339044571, -0.17286919057369232, 3.496743679046631
0.0, -3.0, 2.0
0.017539823427796364, 1.4013700485229492, 3.3266563415527344
0.0, -3.0, 2.0
0.2225654274225235, 0.9631257057189941, 2.6831588745117188
0.0, -3.0, 2.0
0.16387629508972168, 0.2287529855966568, 3.413351535797119
0.0, -3.0, 2.0
0.09775364398956299, 0.7643598318099976, 2.205883741378784
0.0, -3.0, 2.0
0.15415066480636597, -0.1233217641711235, 3.574202299118042
0.0, -3.0, 2.0
0.05800497159361839, -0.05834164842963219, 1.7871818542480469
0.0, -3.0, 2.0
-0.0002804722753353417, 0.33156535029411316, 1.8364437818527222
0.0, -3.0, 2.0
0.052667733281850815, 1.2892557382583618, 3.3530473709106445
0.0, -3.0, 2.0
0.5301856994628906, -0.4468243420124054, 0.9840357303619385
0.0, -3.0, 2.0
0.38765624165534973, -0.24489223957061768, 1.9686758518218994
0.0, -3.0, 2.0
0.2895987033843994, -0.1756981760263443, 2.6691477298736572
0.0, -3.0, 2.0
0.08083179593086243, 0.5862054228782654, 3.6524922847747803
0.0, -3.0, 2.0
0.0315571129322052, 0.8366506695747375, 3.6467342376708984
0.0, -3.0, 2.0
0.26096460223197937, 0.6996527910232544, 2.546727418899536
0.0, -3.0, 2.0
0.1042749360203743, 0.9959600567817688, 3.3689332008361816
0.0, -3.0, 2.0
0.04245724529027939, 0.5020484924316406, 3.7522244453430176
0.0, -3.0, 2.0
0.04694691300392151, 0.6949942708015442, 3.6840243339538574
0.0, -3.0, 2.0
-0.0010388741502538323, 2.448054075241089, 2.2944624423980713
0.0, -3.0, 2.0
0.04030579328536987, 0.6782715916633606, 3.6994986534118652
0.0, -3.0, 2.0
0.23471008241176605, -0.15672928094863892, 3.060380458831787
0.0, -3.0, 2.0
0.13739433884620667, -0.35050034523010254, 3.699517250061035
0.0, -3.0, 2.0
0.005962606053799391, 0.3151645362377167, 1.803930640220642
0.0, -3.0, 2.0
0.01424635760486126, 0.8297385573387146, 3.6635117530822754
0.0, -3.0, 2.0
0.10772772878408432, 1.3606688976287842, 3.1124181747436523
0.0, -3.0, 2.0
0.08528003096580505, 0.5856698751449585, 3.63983154296875
0.0, -3.0, 2.0
0.04302329570055008, 0.13695116341114044, 1.7951815128326416
0.0, -3.0, 2.0
0.06379889696836472, 0.3897378146648407, 3.752011299133301
0.0, -3.0, 2.0
0.15959039330482483, 0.7892335653305054, 3.1945533752441406
0.0, -3.0, 2.0
0.029215028509497643, 0.7478064298629761, 3.6858556270599365
0.0, -3.0, 2.0
0.3259982764720917, 0.14077040553092957, 2.2994861602783203
0.0, -3.0, 2.0
0.07400516420602798, 0.7182294726371765, 3.6178359985351562
0.0, -3.0, 2.0
0.04556310549378395, 0.7166602611541748, 3.6778290271759033
0.0, -3.0, 2.0
0.17621256411075592, -0.33757534623146057, 3.4957289695739746
0.0, -3.0, 2.0
0.09853585064411163, 2.5829899311065674, 1.9561936855316162
0.0, -3.0, 2.0
0.052949003875255585, 0.9052859544754028, 3.581223964691162
0.0, -3.0, 2.0
0.05301698297262192, 0.592785656452179, 3.710789918899536
0.0, -3.0, 2.0
0.12327829748392105, -0.12346389144659042, 3.7143514156341553
0.0, -3.0, 2.0
0.026273734867572784, 1.6389317512512207, 3.1263914108276367
0.0, -3.0, 2.0
0.09427326917648315, 0.4989134967327118, 3.6442317962646484
0.0, -3.0, 2.0
0.10406432300806046, 1.8569552898406982, 2.711595058441162
0.0, -3.0, 2.0
0.2507389485836029, 0.26613786816596985, 2.8080923557281494
0.0, -3.0, 2.0
0.15007105469703674, -0.23895619809627533, 3.6215827465057373
0.0, -3.0, 2.0
0.027025118470191956, 0.5935173630714417, 3.7406208515167236
0.0, -3.0, 2.0
0.00688472343608737, 0.32729360461235046, 1.8361408710479736
0.0, -3.0, 2.0
0.19940869510173798, 0.24087512493133545, 3.18003511428833
0.0, -3.0, 2.0
0.17468217015266418, 1.0873334407806396, 2.9299631118774414
0.0, -3.0, 2.0
0.014092566445469856, 0.30878081917762756, 1.8230082988739014
0.0, -3.0, 2.0
0.09773804992437363, 0.4530276656150818, 3.6491785049438477
0.0, -3.0, 2.0
0.10426712036132812, 1.0820120573043823, 3.317085027694702
0.0, -3.0, 2.0
0.01375212799757719, 0.3128170669078827, 1.8311660289764404
0.0, -3.0, 2.0
0.15409280359745026, 0.1271401196718216, 3.5043179988861084
0.0, -3.0, 2.0
0.002629308495670557, 1.0390182733535767, 3.566192865371704
0.0, -3.0, 2.0
0.11609737575054169, 0.9833157062530518, 3.3229236602783203
0.0, -3.0, 2.0
0.04409792646765709, 2.2254137992858887, 2.5133583545684814
0.0, -3.0, 2.0
0.030904630199074745, 0.6412344574928284, 3.7224600315093994
0.0, -3.0, 2.0
0.047724854201078415, 0.09717543423175812, 1.8257595300674438
0.0, -3.0, 2.0
0.20965561270713806, 0.7903973460197449, 2.866936683654785
0.0, -3.0, 2.0
0.0735347718000412, 1.0012391805648804, 2.378288507461548
0.0, -3.0, 2.0
0.05450233444571495, -0.0038323879707604647, 1.7774289846420288
0.0, -3.0, 2.0
0.026810679584741592, 0.27135834097862244, 1.8520362377166748
0.0, -3.0, 2.0
0.05530505254864693, -0.024411654099822044, 1.7452540397644043
0.0, -3.0, 2.0
0.05544907972216606, -0.016028856858611107, 1.786280632019043
0.0, -3.0, 2.0
0.1368088722229004, -0.16933386027812958, 3.669780731201172
0.0, -3.0, 2.0
0.01700427196919918, 2.8115553855895996, 1.8356120586395264
0.0, -3.0, 2.0
0.08922769874334335, 1.5083225965499878, 3.075728178024292
0.0, -3.0, 2.0
0.07081501185894012, 0.45347103476524353, 3.721724271774292
0.0, -3.0, 2.0
0.5799544453620911, -0.6831523180007935, 0.691830039024353
0.0, -3.0, 2.0
0.0018780248938128352, 1.356577754020691, 3.366147518157959
0.0, -3.0, 2.0
0.009643366560339928, 0.29766494035720825, 1.775717854499817
0.0, -3.0, 2.0
0.42056334018707275, -0.41454437375068665, 1.7759971618652344
0.0, -3.0, 2.0
0.10300426185131073, 0.7291373610496521, 2.002647638320923
0.0, -3.0, 2.0
0.3765193819999695, 1.152608871459961, 1.446222186088562
0.0, -3.0, 2.0
0.11730841547250748, 1.086998701095581, 3.25429630279541
0.0, -3.0, 2.0
0.043614279478788376, 0.813870370388031, 3.6406631469726562
0.0, -3.0, 2.0
0.1052624061703682, 0.3171287178993225, 3.6684465408325195
0.0, -3.0, 2.0
0.02487138658761978, 0.2518679201602936, 1.7762960195541382
0.0, -3.0, 2.0
0.05464959889650345, 0.012962818145751953, 1.8638677597045898
0.0, -3.0, 2.0
0.15983831882476807, 0.45574650168418884, 3.350156307220459
0.0, -3.0, 2.0
0.08813365548849106, 0.5059395432472229, 3.6609206199645996
0.0, -3.0, 2.0
0.14701060950756073, -0.22398725152015686, 3.6337132453918457
0.0, -3.0, 2.0
0.32022103667259216, 0.1115412563085556, 2.3526852130889893
0.0, -3.0, 2.0
0.33160993456840515, 0.3913496434688568, 2.1613945960998535
0.0, -3.0, 2.0
0.08032863587141037, 1.0814074277877808, 3.409731864929199
0.0, -3.0, 2.0
0.2624654769897461, 0.02821306884288788, 2.805716037750244
0.0, -3.0, 2.0
0.055556949228048325, 1.2969138622283936, 3.340909004211426
0.0, -3.0, 2.0
0.05292106419801712, 0.018157029524445534, 1.7751171588897705
0.0, -3.0, 2.0
0.2108922302722931, 0.7758753895759583, 2.8659067153930664
0.0, -3.0, 2.0
0.2836172878742218, 1.1088532209396362, 2.1604089736938477
0.0, -3.0, 2.0
0.0866406187415123, 2.803865432739258, 1.7240742444992065
0.0, -3.0, 2.0
0.07125813513994217, 0.9761921763420105, 3.4990830421447754
0.0, -3.0, 2.0
0.11426518857479095, 0.36215248703956604, 3.619664192199707
0.0, -3.0, 2.0
0.023691507056355476, 3.250676155090332, 1.2462453842163086
0.0, -3.0, 2.0
0.06767372786998749, 0.8522249460220337, 2.054835796356201
0.0, -3.0, 2.0
0.08005350083112717, 1.0662304162979126, 3.419822931289673
0.0, -3.0, 2.0
0.1767110973596573, 0.3274279534816742, 3.2972912788391113
0.0, -3.0, 2.0
0.2675986588001251, 0.431505024433136, 2.619349718093872
0.0, -3.0, 2.0
0.17128495872020721, 2.5124354362487793, 1.722445011138916
0.0, -3.0, 2.0
0.15319973230361938, 0.47416478395462036, 3.38151478767395
0.0, -3.0, 2.0
0.04857600852847099, 0.7845771312713623, 3.6452484130859375
0.0, -3.0, 2.0
0.46680212020874023, -0.09548534452915192, 1.3364951610565186
new trace
!@!name: reference points
-0.016692490744724467, 5.989834991165095, -2.3750543196749465
0.05731903956200948, 5.963833321502198, -2.376898218257783
0.13070256754213153, 5.843496643241156, -2.385431868911704
0.20265408414980438, 5.630143396371572, -2.400561774737504
0.27238526982876793, 5.326111134635603, -2.422122168546256
0.33913213154671606, 4.934730914680287, -2.4498768290478257
0.40216337330194973, 4.460290800133347, -2.483521668952843
0.4607884083928443, 3.907988880461218, -2.5226880666322717
0.5143649256656146, 3.2838763193469767, -2.566946904831946
0.5623059268426173, 2.594791056564949, -2.6158132721930105
-0.01669249074472367, 6.397743276811612, -1.411150221683581
0.05731903956200955, 6.3703148508782395, -1.4130952981484253
0.1307025675421311, 6.243375092411068, -1.4220972048696852
0.20265408414980438, 6.01831478646627, -1.4380573146127191
0.27238526982876765, 5.69759975237441, -1.4608007642582428
0.3391321315467158, 5.284743827581616, -1.490078370648244
0.40216337330195, 4.784270369131317, -1.5255693607015415
0.4607884083928432, 4.201662694586332, -1.566884885887227
0.5143649256656141, 3.543304005373482, -1.6135722825504168
0.5623059268426189, 2.8164074507662056, -1.6651200314132026
-0.016692490744724345, 6.702687439405189, -0.4098726725049069
0.05731903956200976, 6.674132770179799, -0.41189761608739506
0.1307025675421311, 6.541980716562673, -0.4212691516413476
0.2026540841498048, 6.307679170873222, -0.43788460218233194
0.27238526982876793, 5.973795201871601, -0.4615619245066167
0.33913213154671606, 5.543986929284758, -0.49204170370387557
0.4021633733019503, 5.02296344449392, -0.5289899953745354
0.46078840839284374, 4.4164332165029005, -0.5720019844116049
0.5143649256656135, 3.7310415484648782, -0.620606420260394
0.5623059268426178, 2.974297770010244, -0.6742707800623555
-0.016692490744724623, 6.901326431275464, 0.6178080702420901
0.05731903956200962, 6.871958371151376, 0.6157254453512477
0.13070256754213125, 6.736041914703707, 0.6060869579490307
0.20265408414980451, 6.4950661980297575, 0.5889982098138273
0.2723852698287685, 6.151671413845323, 0.56464642972111
0.3391321315467166, 5.70961988484566, 0.5332984221161623
0.4021633733019503, 5.173754842718093, 0.4952976439351402
0.4607884083928432, 4.549947364434221, 0.4510604416013635
0.5143649256656141, 3.845032047201415, 0.40107148942553117
0.5623059268426184, 3.0667321268357224, 0.34587847938765837
-0.0166924907447236, 6.99148391189051, 1.660632468672763
0.057319039562009344, 6.961624224983565, 1.6585149802543158
0.1307025675421311, 6.823432501802651, 1.6487151427822226
0.20265408414980507, 6.578422806860003, 1.6313403258282704
0.27238526982876765, 6.229279530188007, 1.6065808924124108
0.33913213154671606, 5.779827976462853, 1.574708113335919
0.4021633733019492, 5.234992453970149, 1.5360711950678723
0.46078840839284374, 4.600742322600803, 1.4910934537480718
0.5143649256656141, 3.884026591989257, 1.440267677225218
0.5623059268426184, 3.0926977863540444, 1.3841507259448442
-0.016692490744724276, 6.972172092410521, 2.707175067066539
0.05731903956200941, 6.94214792922765, 2.7050459148751056
0.1307025675421311, 6.803195003825724, 2.695192096904921
0.20265408414980507, 6.556835720646767, 2.6777215741521667
0.2723852698287682, 6.205769256163395, 2.652825758214448
0.3391321315467158, 5.753841985998365, 2.620777414135479
0.40216337330194973, 5.206005343031425, 2.5819276719202193
0.4607884083928432, 4.568261568211055, 2.5367021794630853
0.5143649256656135, 3.8475979484392973, 2.485596439038752
0.5623059268426178, 3.051910262036576, 2.429170378450181
-0.016692490744723704, 6.843602558159624, 3.7459696721355957
0.05731903956200893, 6.81374287125268, 3.743852183717146
0.1307025675421311, 6.675551148071763, 3.734052346245054
0.2026540841498048, 6.430541453129116, 3.7166775292911005
0.2723852698287674, 6.081398176457121, 3.69191809587524
0.3391321315467158, 5.631946622731967, 3.6600453167987492
0.40216337330194973, 5.087111100239262, 3.6214083985307024
0.46078840839284374, 4.452860968869918, 3.5764306572109033
0.5143649256656141, 3.7361452382583717, 3.525604880688051
0.5623059268426178, 2.944816432623158, 3.4694879294076735
-0.0166924907447236, 6.607183950441966, 4.765634979625016
0.057319039562009066, 6.577815890317877, 4.763552354734174
0.1307025675421311, 6.44189943387021, 4.753913867331956
0.2026540841498048, 6.200923717196263, 4.736825119196753
0.27238526982876793, 5.857528933011826, 4.712473339104035
0.33913213154671606, 5.415477404012162, 4.68112533149909
0.4021633733019503, 4.879612361884597, 4.643124553318064
0.46078840839284374, 4.2558048836007245, 4.59888735098429
0.5143649256656135, 3.5508895663679167, 4.548898398808454
0.5623059268426184, 2.772589646002225, 4.493705388770584
-0.016692490744723357, 6.265506533100689, 5.75499927084652
0.05731903956200962, 6.236951863875301, 5.75297432726403
0.1307025675421307, 6.104799810258175, 5.743602791710079
0.20265408414980424, 5.870498264568724, 5.7269873411690915
0.27238526982876765, 5.536614295567102, 5.70331001884481
0.3391321315467155, 5.106806022980262, 5.672830239647549
0.4021633733019503, 4.58578253818942, 5.635881947976887
0.46078840839284374, 3.979252310198402, 5.5928699589398185
0.5143649256656141, 3.2938606421603804, 5.544265523091029
0.5623059268426184, 2.5371168637057453, 5.4906011632890666
-0.016692490744724137, 5.822313812912608, 6.703222812938193
0.05731903956201011, 5.794885386979235, 6.701277736473349
0.13070256754213153, 5.667945628512063, 6.692275829752091
0.20265408414980438, 5.442885322567266, 6.676315720009059
0.27238526982876765, 5.122170288475406, 6.653572270363533
0.33913213154671606, 4.709314363682611, 6.62429466397353
0.40216337330194973, 4.208840905232313, 6.588803673920231
0.4607884083928432, 3.626233230687327, 6.547488148734549
0.5143649256656141, 2.967874541474477, 6.500800752071355
0.5623059268426173, 2.2409779868672004, 6.449253003208572
