!@!title: Time: 3.9515
!@!name: model points
0.0, -3.0, 2.0
-0.006445256527513266, 1.1544263362884521, 1.0829508304595947
0.0, -3.0, 2.0
0.022101419046521187, 1.1428126096725464, 1.0835013389587402
0.0, -3.0, 2.0
0.0501263402402401, 1.0905225276947021, 1.0851521492004395
0.0, -3.0, 2.0
0.07700624316930771, 0.9994244575500488, 1.0878138542175293
0.0, -3.0, 2.0
0.10216869413852692, 0.8724985122680664, 1.0914888381958008
0.0, -3.0, 2.0
0.12505556643009186, 0.7134354114532471, 1.0966036319732666
0.0, -3.0, 2.0
0.14520728588104248, 0.5272604823112488, 1.1032862663269043
0.0, -3.0, 2.0
0.1622605323791504, 0.3197362422943115, 1.1116688251495361
0.0, -3.0, 2.0
0.17595939338207245, 0.09711145609617233, 1.1218714714050293
0.0, -3.0, 2.0
0.18641254305839539, -0.1343325823545456, 1.1328201293945312
0.0, -3.0, 2.0
-0.007369075436145067, 1.4999693632125854, 1.377032995223999
0.0, -3.0, 2.0
0.025270693004131317, 1.4858970642089844, 1.376997709274292
0.0, -3.0, 2.0
0.05732480064034462, 1.4225109815597534, 1.376282811164856
0.0, -3.0, 2.0
0.08807768672704697, 1.311822533607483, 1.3749902248382568
0.0, -3.0, 2.0
0.11686595529317856, 1.1573959589004517, 1.3732484579086304
0.0, -3.0, 2.0
0.14310815930366516, 0.9641242027282715, 1.3712115287780762
0.0, -3.0, 2.0
0.16631823778152466, 0.7379007935523987, 1.3690872192382812
0.0, -3.0, 2.0
0.1860884726047516, 0.4852890074253082, 1.36721670627594
0.0, -3.0, 2.0
0.20232230424880981, 0.21370531618595123, 1.3653111457824707
0.0, -3.0, 2.0
0.21491913497447968, -0.07017097622156143, 1.3635739088058472
0.0, -3.0, 2.0
-0.00835384801030159, 1.8530299663543701, 1.794877052307129
0.0, -3.0, 2.0
0.02865092270076275, 1.8365153074264526, 1.7941129207611084
0.0, -3.0, 2.0
0.06505706161260605, 1.763016939163208, 1.790313720703125
0.0, -3.0, 2.0
0.10015284270048141, 1.6346746683120728, 1.7835948467254639
0.0, -3.0, 2.0
0.13327498733997345, 1.455043911933899, 1.774163007736206
0.0, -3.0, 2.0
0.16377447545528412, 1.2285480499267578, 1.7623820304870605
0.0, -3.0, 2.0
0.19106514751911163, 0.961096465587616, 1.7486803531646729
0.0, -3.0, 2.0
0.21469861268997192, 0.6599695086479187, 1.733482837677002
0.0, -3.0, 2.0
0.23443694412708282, 0.33319365978240967, 1.7171403169631958
0.0, -3.0, 2.0
0.24973586201667786, -0.011415085755288601, 1.7005374431610107
0.0, -3.0, 2.0
-0.00821839552372694, 1.9207825660705566, 2.3041720390319824
0.0, -3.0, 2.0
0.028182363137602806, 1.9037466049194336, 2.30273699760437
0.0, -3.0, 2.0
0.06406987458467484, 1.831392765045166, 2.2971014976501465
0.0, -3.0, 2.0
0.09888384491205215, 1.7053965330123901, 2.287398099899292
0.0, -3.0, 2.0
0.13209863007068634, 1.5284653902053833, 2.273836374282837
0.0, -3.0, 2.0
0.16323243081569672, 1.304205060005188, 2.2566893100738525
0.0, -3.0, 2.0
0.19184543192386627, 1.0369539260864258, 2.2362735271453857
0.0, -3.0, 2.0
0.217622309923172, 0.7320129871368408, 2.2130279541015625
0.0, -3.0, 2.0
0.2403285950422287, 0.39482739567756653, 2.187394142150879
0.0, -3.0, 2.0
0.25950461626052856, 0.030796946957707405, 2.159623146057129
0.0, -3.0, 2.0
-0.007469021715223789, 1.785981297492981, 2.743046760559082
0.0, -3.0, 2.0
0.0256098210811615, 1.7700310945510864, 2.7410149574279785
0.0, -3.0, 2.0
0.058194078505039215, 1.702346920967102, 2.734074831008911
0.0, -3.0, 2.0
0.0897403284907341, 1.5846158266067505, 2.722398519515991
0.0, -3.0, 2.0
0.11974228173494339, 1.4196116924285889, 2.7062630653381348
0.0, -3.0, 2.0
0.14774861931800842, 1.2110788822174072, 2.6860480308532715
0.0, -3.0, 2.0
0.17336469888687134, 0.9634612202644348, 2.662169933319092
0.0, -3.0, 2.0
0.1962556093931198, 0.6817764043807983, 2.635075569152832
0.0, -3.0, 2.0
0.21631844341754913, 0.37178125977516174, 2.605710983276367
0.0, -3.0, 2.0
0.2335420697927475, 0.03850012645125389, 2.574878215789795
0.0, -3.0, 2.0
-0.00685450155287981, 1.631108283996582, 3.1116576194763184
0.0, -3.0, 2.0
0.02349906414747238, 1.6161607503890991, 3.1089866161346436
0.0, -3.0, 2.0
0.05337800458073616, 1.553197979927063, 3.1006975173950195
0.0, -3.0, 2.0
0.08226191997528076, 1.443800926208496, 3.0869483947753906
0.0, -3.0, 2.0
0.10966789722442627, 1.2907084226608276, 3.068082094192505
0.0, -3.0, 2.0
0.13517434895038605, 1.0976512432098389, 3.0446131229400635
0.0, -3.0, 2.0
0.15838856995105743, 0.8688161969184875, 3.0168700218200684
0.0, -3.0, 2.0
0.17902900278568268, 0.609312891960144, 2.985578775405884
0.0, -3.0, 2.0
0.1969909518957138, 0.32461217045783997, 2.9519312381744385
0.0, -3.0, 2.0
0.21210896968841553, 0.019581176340579987, 2.916314125061035
0.0, -3.0, 2.0
-0.0063116527162492275, 1.4533172845840454, 3.416400909423828
0.0, -3.0, 2.0
0.021640127524733543, 1.4398335218429565, 3.413447380065918
0.0, -3.0, 2.0
0.04915876314043999, 1.3824176788330078, 3.404420852661133
0.0, -3.0, 2.0
0.07576466351747513, 1.282549262046814, 3.389524459838867
0.0, -3.0, 2.0
0.1010073572397232, 1.14266037940979, 3.3690567016601562
0.0, -3.0, 2.0
0.12449172884225845, 0.9661590456962585, 3.3435630798339844
0.0, -3.0, 2.0
0.1459173709154129, 0.7572687268257141, 3.3139595985412598
0.0, -3.0, 2.0
0.1650129109621048, 0.5202839374542236, 3.2807555198669434
0.0, -3.0, 2.0
0.18153558671474457, 0.25980886816978455, 3.2442970275878906
0.0, -3.0, 2.0
0.19538664817810059, -0.019174879416823387, 3.2055563926696777
0.0, -3.0, 2.0
-0.005923315417021513, 1.280005931854248, 3.6910812854766846
0.0, -3.0, 2.0
0.020310336723923683, 1.267757534980774, 3.6879093647003174
0.0, -3.0, 2.0
0.04614035785198212, 1.2150523662567139, 3.6782169342041016
0.0, -3.0, 2.0
0.07112275063991547, 1.1233848333358765, 3.662419319152832
0.0, -3.0, 2.0
0.09484618902206421, 0.9950088262557983, 3.64091157913208
0.0, -3.0, 2.0
0.1169339120388031, 0.8328647613525391, 3.614067792892456
0.0, -3.0, 2.0
0.13709454238414764, 0.6407460570335388, 3.5828070640563965
0.0, -3.0, 2.0
0.1550370305776596, 0.42252859473228455, 3.5473432540893555
0.0, -3.0, 2.0
0.1706087738275528, 0.18272355198860168, 3.5088160037994385
0.0, -3.0, 2.0
0.18361634016036987, -0.074258953332901, 3.4673824310302734
0.0, -3.0, 2.0
-0.00566759193316102, 1.1087356805801392, 3.953991413116455
0.0, -3.0, 2.0
0.019436581060290337, 1.0976331233978271, 3.95080304145813
0.0, -3.0, 2.0
0.04417433589696884, 1.0493478775024414, 3.9412002563476562
0.0, -3.0, 2.0
0.06813137978315353, 0.9650483727455139, 3.925386905670166
0.0, -3.0, 2.0
0.09091780334711075, 0.8466808795928955, 3.903672695159912
0.0, -3.0, 2.0
0.11221925914287567, 0.6971447467803955, 3.8771467208862305
0.0, -3.0, 2.0
0.13172166049480438, 0.519395649433136, 3.845935821533203
0.0, -3.0, 2.0
0.14918212592601776, 0.3170369267463684, 3.8107142448425293
0.0, -3.0, 2.0
0.16440263390541077, 0.09392450749874115, 3.7720725536346436
0.0, -3.0, 2.0
0.17722664773464203, -0.14589077234268188, 3.730518341064453
0.0, -3.0, 2.0
-0.00553178321570158, 0.9352964758872986, 4.221404552459717
0.0, -3.0, 2.0
0.01897244341671467, 0.92509925365448, 4.218104362487793
0.0, -3.0, 2.0
0.04313283786177635, 0.8804423809051514, 4.208501815795898
0.0, -3.0, 2.0
0.06655972450971603, 0.8023415207862854, 4.192770004272461
0.0, -3.0, 2.0
0.08888720721006393, 0.6925257444381714, 4.171253204345703
0.0, -3.0, 2.0
0.10978028178215027, 0.5533212423324585, 4.144347190856934
0.0, -3.0, 2.0
0.1289234608411789, 0.38752397894859314, 4.112204551696777
0.0, -3.0, 2.0
0.14608365297317505, 0.19853463768959045, 4.075748920440674
0.0, -3.0, 2.0
0.16112342476844788, -0.010063218884170055, 4.03635835647583
0.0, -3.0, 2.0
0.17396506667137146, -0.23482468724250793, 3.9952569007873535
new trace
!@!name: context points 3.9000000953674316
0.0, -3.0, 2.0
0.03957704082131386, 0.499332070350647, 3.755953788757324
0.0, -3.0, 2.0
0.05678633227944374, 0.6661701202392578, 3.6781399250030518
0.0, -3.0, 2.0
0.11702319979667664, 0.1332979053258896, 2.2597885131835938
0.0, -3.0, 2.0
0.13087618350982666, -0.1507021188735962, 2.7399163246154785
0.0, -3.0, 2.0
0.13434574007987976, -0.10654550045728683, 2.993056535720825
0.0, -3.0, 2.0
0.036918386816978455, 0.21144504845142365, 1.8678444623947144
0.0, -3.0, 2.0
0.10971224308013916, 0.6706923842430115, 3.19008731842041
0.0, -3.0, 2.0
0.009497986175119877, 1.665583610534668, 3.1166481971740723
0.0, -3.0, 2.0
0.09751509130001068, 0.7315980792045593, 2.587125778198242
0.0, -3.0, 2.0
0.07931692153215408, 0.3893202245235443, 3.721707344055176
0.0, -3.0, 2.0
0.1261032074689865, 0.33679303526878357, 3.287320852279663
0.0, -3.0, 2.0
0.04125438258051872, 1.0438880920410156, 1.7829864025115967
0.0, -3.0, 2.0
0.0342743843793869, 1.2400959730148315, 3.420984983444214
0.0, -3.0, 2.0
0.03608851879835129, 1.1521620750427246, 1.9277433156967163
0.0, -3.0, 2.0
0.08343028277158737, 0.5790329575538635, 3.647830009460449
0.0, -3.0, 2.0
0.49103280901908875, 0.6594001054763794, 0.8453505039215088
0.0, -3.0, 2.0
0.09782552719116211, 0.9838177561759949, 3.4028115272521973
0.0, -3.0, 2.0
0.104740209877491, 0.3994522988796234, 3.6433491706848145
0.0, -3.0, 2.0
0.005616539623588324, 0.3021259009838104, 1.7741247415542603
0.0, -3.0, 2.0
0.11644724011421204, 0.177102193236351, 1.969537377357483
0.0, -3.0, 2.0
0.11970280110836029, 0.44975870847702026, 3.126777172088623
0.0, -3.0, 2.0
0.058527152985334396, 0.9663531184196472, 1.9225165843963623
0.0, -3.0, 2.0
0.01545084547251463, 0.2792910635471344, 1.762993335723877
0.0, -3.0, 2.0
0.036550384014844894, 1.3554245233535767, 2.4869613647460938
0.0, -3.0, 2.0
0.08371833711862564, 0.7700426578521729, 2.1228861808776855
0.0, -3.0, 2.0
0.08219730108976364, 1.0687825679779053, 3.1327385902404785
0.0, -3.0, 2.0
0.01747693121433258, 0.29577475786209106, 1.8142480850219727
0.0, -3.0, 2.0
0.10037913918495178, 0.832190990447998, 3.212928533554077
0.0, -3.0, 2.0
0.016240457072854042, 0.2843076288700104, 1.7785964012145996
0.0, -3.0, 2.0
0.11677967756986618, 0.49403297901153564, 3.0454535484313965
0.0, -3.0, 2.0
0.0710393637418747, 1.1884886026382446, 3.090938091278076
0.0, -3.0, 2.0
0.1296340823173523, -0.2257634550333023, 3.7096190452575684
0.0, -3.0, 2.0
0.11544236540794373, 0.38570335507392883, 2.638169765472412
0.0, -3.0, 2.0
0.10667828470468521, 0.8959452509880066, 3.415081024169922
0.0, -3.0, 2.0
0.13282427191734314, -0.03252388909459114, 2.9843080043792725
0.0, -3.0, 2.0
0.049910202622413635, 0.4677501916885376, 3.7524170875549316
0.0, -3.0, 2.0
0.12078260630369186, -0.056869909167289734, 2.2415385246276855
0.0, -3.0, 2.0
0.06066456064581871, 0.7963957190513611, 3.6162848472595215
0.0, -3.0, 2.0
0.09899518638849258, 0.7711095213890076, 2.812950611114502
0.0, -3.0, 2.0
0.09238798916339874, 0.6489068269729614, 3.5912344455718994
0.0, -3.0, 2.0
0.05231417715549469, 1.08473539352417, 2.0640344619750977
0.0, -3.0, 2.0
0.10724680125713348, 0.9038198590278625, 3.4083058834075928
0.0, -3.0, 2.0
0.05719888210296631, -0.040676187723875046, 1.8041270971298218
0.0, -3.0, 2.0
0.07369247823953629, 1.1083292961120605, 2.8165550231933594
0.0, -3.0, 2.0
0.09255069494247437, 0.7816085815429688, 2.4974331855773926
0.0, -3.0, 2.0
0.05839964747428894, -0.07574844360351562, 1.741613507270813
0.0, -3.0, 2.0
0.4366784989833832, 0.4845416247844696, 1.3343883752822876
0.0, -3.0, 2.0
0.5388031601905823, 0.12720850110054016, 0.719484806060791
0.0, -3.0, 2.0
0.05901459604501724, 0.9775770306587219, 1.7138348817825317
0.0, -3.0, 2.0
0.01375212799757719, 0.29714009165763855, 1.792968988418579
0.0, -3.0, 2.0
0.02917923778295517, 1.3176707029342651, 2.2179646492004395
0.0, -3.0, 2.0
0.047211747616529465, 0.4857219457626343, 3.7510666847229004
0.0, -3.0, 2.0
0.12010370194911957, 0.4884803891181946, 3.3179821968078613
0.0, -3.0, 2.0
0.00912470929324627, 1.5191408395767212, 2.469348192214966
0.0, -3.0, 2.0
0.07091216742992401, 0.5854827761650085, 3.678159236907959
0.0, -3.0, 2.0
0.11947417259216309, 0.019716249778866768, 2.2479350566864014
0.0, -3.0, 2.0
0.11252638697624207, 0.3308452069759369, 1.9219940900802612
0.0, -3.0, 2.0
0.09317368268966675, 0.7866816520690918, 2.5433506965637207
0.0, -3.0, 2.0
0.4662645161151886, 1.0752700567245483, 0.8165291547775269
0.0, -3.0, 2.0
0.10167959332466125, 0.10996139049530029, 3.734673023223877
0.0, -3.0, 2.0
0.12169495970010757, 0.07110559195280075, 3.677123546600342
0.0, -3.0, 2.0
0.1263204962015152, 0.0540035180747509, 2.687136650085449
0.0, -3.0, 2.0
0.12433867901563644, 0.4230785667896271, 1.7798279523849487
0.0, -3.0, 2.0
0.41629481315612793, 1.037585735321045, 1.2132625579833984
0.0, -3.0, 2.0
0.1340380162000656, -0.05785199627280235, 1.9271633625030518
0.0, -3.0, 2.0
0.060776349157094955, 0.8421747088432312, 3.5949079990386963
0.0, -3.0, 2.0
0.1052170842885971, 0.1957867294549942, 3.7034506797790527
0.0, -3.0, 2.0
0.11281381547451019, 0.4832715690135956, 2.727445602416992
0.0, -3.0, 2.0
0.0028438416775316, 0.31499287486076355, 1.798101782798767
0.0, -3.0, 2.0
0.026917753741145134, 0.24929384887218475, 1.793442726135254
0.0, -3.0, 2.0
0.10003132373094559, 0.5025229454040527, 2.118350028991699
0.0, -3.0, 2.0
0.1372372955083847, -0.22289708256721497, 3.06329345703125
0.0, -3.0, 2.0
0.04113807901740074, 0.5337908864021301, 3.7449581623077393
0.0, -3.0, 2.0
0.10914067924022675, 0.4490400552749634, 2.42569899559021
0.0, -3.0, 2.0
0.05245770886540413, 0.03825957700610161, 1.8295265436172485
0.0, -3.0, 2.0
0.13515399396419525, -0.22668883204460144, 2.9362826347351074
0.0, -3.0, 2.0
0.12755635380744934, 0.30973395705223083, 3.326392650604248
0.0, -3.0, 2.0
0.07254185527563095, 1.1397348642349243, 3.3986611366271973
0.0, -3.0, 2.0
0.012085428461432457, 0.8874955177307129, 3.6390938758850098
0.0, -3.0, 2.0
-0.0035088544245809317, 1.6189393997192383, 3.1589694023132324
0.0, -3.0, 2.0
0.45899710059165955, 1.2527250051498413, 0.769038200378418
0.0, -3.0, 2.0
0.12759286165237427, -0.14123359322547913, 2.555351495742798
0.0, -3.0, 2.0
0.481266051530838, 0.28241822123527527, 1.0863425731658936
0.0, -3.0, 2.0
0.13135434687137604, -0.09501076489686966, 2.8191943168640137
0.0, -3.0, 2.0
0.0685344785451889, 0.6112370491027832, 3.6742444038391113
0.0, -3.0, 2.0
0.11969174444675446, -0.13912265002727509, 2.11789608001709
0.0, -3.0, 2.0
0.08462373167276382, 0.29850029945373535, 3.733774185180664
0.0, -3.0, 2.0
0.010007297620177269, 0.7372937202453613, 3.7018823623657227
0.0, -3.0, 2.0
0.10887037962675095, 0.6345921158790588, 3.5347061157226562
0.0, -3.0, 2.0
0.11450362950563431, -0.030952803790569305, 3.7259159088134766
0.0, -3.0, 2.0
0.11543186008930206, 0.2707723081111908, 2.396381139755249
0.0, -3.0, 2.0
0.1210232675075531, 0.09755627810955048, 2.4313039779663086
0.0, -3.0, 2.0
0.03592619672417641, 0.2125011533498764, 1.8458671569824219
0.0, -3.0, 2.0
0.052529074251651764, 0.7221294045448303, 3.6641883850097656
0.0, -3.0, 2.0
0.1375725269317627, 0.29158708453178406, 3.5377039909362793
0.0, -3.0, 2.0
0.015914790332317352, 0.5448358654975891, 3.760467290878296
0.0, -3.0, 2.0
0.03552661091089249, 0.21098724007606506, 1.8318493366241455
0.0, -3.0, 2.0
0.09316892921924591, 0.6699172854423523, 2.2194736003875732
0.0, -3.0, 2.0
0.10627419501543045, 0.462838351726532, 2.31112003326416
0.0, -3.0, 2.0
0.13046804070472717, -0.025841988623142242, 3.66523814201355
0.0, -3.0, 2.0
0.13417646288871765, 0.12118201702833176, 3.3561182022094727
0.0, -3.0, 2.0
0.03447779640555382, 1.2294467687606812, 3.427696704864502
0.0, -3.0, 2.0
0.06882458925247192, 0.627365231513977, 3.667553663253784
0.0, -3.0, 2.0
0.01043330505490303, 1.6589995622634888, 3.1220169067382812
0.0, -3.0, 2.0
0.0340147502720356, 0.2031393051147461, 1.7805196046829224
0.0, -3.0, 2.0
0.1201925128698349, -0.04897607862949371, 3.710481643676758
0.0, -3.0, 2.0
0.04607884958386421, 0.11355304718017578, 1.8190083503723145
0.0, -3.0, 2.0
0.13272807002067566, 0.3906053602695465, 3.5257749557495117
0.0, -3.0, 2.0
0.057805534452199936, -0.04600536823272705, 1.8315274715423584
0.0, -3.0, 2.0
0.08352908492088318, 0.8615769147872925, 3.521778106689453
0.0, -3.0, 2.0
0.1309756338596344, -0.1514129787683487, 2.7452332973480225
0.0, -3.0, 2.0
0.06960441172122955, 0.8223421573638916, 1.8595902919769287
0.0, -3.0, 2.0
0.07732994854450226, 1.2373976707458496, 3.3194141387939453
0.0, -3.0, 2.0
0.05141500011086464, 1.159510850906372, 2.2377138137817383
0.0, -3.0, 2.0
0.019834225997328758, 1.4986828565597534, 3.249798536300659
0.0, -3.0, 2.0
0.13104347884655, 0.0213235504925251, 2.9425125122070312
0.0, -3.0, 2.0
0.07124419510364532, 0.3569563627243042, 3.7471437454223633
0.0, -3.0, 2.0
0.0052703386172652245, 0.3149920105934143, 1.801977276802063
0.0, -3.0, 2.0
0.06016644835472107, -0.10323598235845566, 1.7665085792541504
0.0, -3.0, 2.0
0.17208462953567505, -0.3315161168575287, 3.5192227363586426
0.0, -3.0, 2.0
0.12204022705554962, -0.04177890345454216, 2.3250229358673096
0.0, -3.0, 2.0
0.1187724843621254, 0.29709678888320923, 2.6440937519073486
0.0, -3.0, 2.0
0.10030364990234375, 0.4130132496356964, 3.6543307304382324
0.0, -3.0, 2.0
0.01396942138671875, 0.6211212873458862, 3.7396340370178223
0.0, -3.0, 2.0
0.10296166688203812, 0.6573123931884766, 2.6504979133605957
0.0, -3.0, 2.0
0.08971641957759857, 0.6722006797790527, 1.8471941947937012
0.0, -3.0, 2.0
0.003537594573572278, 0.3172086179256439, 1.8040755987167358
0.0, -3.0, 2.0
0.039924319833517075, 0.47500964999198914, 3.761796236038208
0.0, -3.0, 2.0
0.11426203697919846, 0.3179028630256653, 2.4218149185180664
0.0, -3.0, 2.0
0.1007242426276207, 0.2556133270263672, 3.701493978500366
0.0, -3.0, 2.0
0.11314232647418976, 0.08648664504289627, 3.704664707183838
0.0, -3.0, 2.0
0.14094407856464386, -0.1590208262205124, 3.6489481925964355
0.0, -3.0, 2.0
0.006556735374033451, 1.4032082557678223, 3.331171989440918
0.0, -3.0, 2.0
0.11442955583333969, 0.1583523154258728, 2.160796880722046
0.0, -3.0, 2.0
0.10954168438911438, 0.526408851146698, 3.5775623321533203
0.0, -3.0, 2.0
0.03452102467417717, 0.22223444283008575, 1.8445641994476318
0.0, -3.0, 2.0
0.11657794564962387, 0.5348527431488037, 3.187346935272217
0.0, -3.0, 2.0
0.13590176403522491, -0.03488729149103165, 3.6434829235076904
0.0, -3.0, 2.0
0.045348770916461945, 1.176942229270935, 2.15144681930542
0.0, -3.0, 2.0
0.11560454964637756, 0.2649669945240021, 2.395277500152588
0.0, -3.0, 2.0
0.050969332456588745, 1.2456488609313965, 3.386639356613159
0.0, -3.0, 2.0
0.13068237900733948, 0.048187293112277985, 3.6456847190856934
0.0, -3.0, 2.0
0.12394214421510696, 0.08822750300168991, 2.5900492668151855
0.0, -3.0, 2.0
0.11941079050302505, 0.2587849199771881, 2.6049444675445557
0.0, -3.0, 2.0
0.016506196931004524, 0.8745272159576416, 3.6427154541015625
0.0, -3.0, 2.0
0.11484189331531525, 0.4682810604572296, 3.578425407409668
0.0, -3.0, 2.0
0.4351014494895935, 0.4651224613189697, 1.354766607284546
0.0, -3.0, 2.0
0.04989031329751015, 1.0974751710891724, 2.0453338623046875
0.0, -3.0, 2.0
-0.0025232068728655577, 1.9688138961791992, 2.829287052154541
0.0, -3.0, 2.0
0.0410689152777195, 0.17243929207324982, 1.853021264076233
0.0, -3.0, 2.0
0.12887583673000336, -0.15379059314727783, 2.6201980113983154
0.0, -3.0, 2.0
0.09999718517065048, 0.5429608821868896, 3.6077423095703125
0.0, -3.0, 2.0
0.11478858441114426, 0.5550545454025269, 3.1146767139434814
0.0, -3.0, 2.0
0.11204205453395844, 0.052124984562397, 3.7163023948669434
0.0, -3.0, 2.0
0.12961840629577637, 0.20481573045253754, 3.19537353515625
0.0, -3.0, 2.0
0.12939412891864777, 0.26038476824760437, 3.3312883377075195
0.0, -3.0, 2.0
0.13409370183944702, 0.09626441448926926, 3.2926993370056152
0.0, -3.0, 2.0
0.09811288118362427, 0.599383533000946, 1.8487836122512817
0.0, -3.0, 2.0
0.12485163658857346, -0.11540130525827408, 3.7071096897125244
0.0, -3.0, 2.0
0.07451648265123367, 0.9854709506034851, 2.3938043117523193
0.0, -3.0, 2.0
0.0981866717338562, 0.6115161180496216, 2.2847342491149902
0.0, -3.0, 2.0
0.12028981745243073, -0.08857469260692596, 3.7180917263031006
0.0, -3.0, 2.0
0.10293376445770264, 0.7671719789505005, 3.080603837966919
0.0, -3.0, 2.0
0.0035537639632821083, 1.3424334526062012, 1.921692967414856
0.0, -3.0, 2.0
0.05439319089055061, 1.203157901763916, 3.4069948196411133
0.0, -3.0, 2.0
0.1048501506447792, 0.6929211020469666, 2.8971385955810547
0.0, -3.0, 2.0
0.10884848982095718, 0.42494165897369385, 1.8936787843704224
0.0, -3.0, 2.0
0.03648309409618378, 1.1309646368026733, 1.8881701231002808
0.0, -3.0, 2.0
0.02367553487420082, 0.27354440093040466, 1.8165863752365112
0.0, -3.0, 2.0
0.0015770380850881338, 1.025470495223999, 3.5735528469085693
0.0, -3.0, 2.0
0.08517303317785263, 0.8797528147697449, 1.6797823905944824
0.0, -3.0, 2.0
0.09102813154459, 0.3759859502315521, 3.695415496826172
0.0, -3.0, 2.0
0.0028438416775316, 0.3284466862678528, 1.830303430557251
0.0, -3.0, 2.0
0.08146804571151733, 0.7874184846878052, 3.564842700958252
0.0, -3.0, 2.0
0.12258952856063843, 0.11425738781690598, 2.5470099449157715
0.0, -3.0, 2.0
-0.00017464676056988537, 1.367184042930603, 3.3585734367370605
0.0, -3.0, 2.0
0.00019827659707516432, 1.0210025310516357, 3.5759763717651367
0.0, -3.0, 2.0
0.07320602983236313, 1.0325261354446411, 2.498082399368286
0.0, -3.0, 2.0
0.10736693441867828, 0.43356356024742126, 2.3009142875671387
0.0, -3.0, 2.0
0.018930887803435326, 0.27839240431785583, 1.7839330434799194
0.0, -3.0, 2.0
0.02475142665207386, 1.6346582174301147, 3.131847620010376
0.0, -3.0, 2.0
0.12199035286903381, 0.16587500274181366, 2.59279203414917
0.0, -3.0, 2.0
0.10893721133470535, 0.36389485001564026, 1.9299436807632446
0.0, -3.0, 2.0
0.04814824089407921, 1.3559218645095825, 2.8428454399108887
0.0, -3.0, 2.0
0.028131375089287758, 0.7584055662155151, 3.682741403579712
0.0, -3.0, 2.0
0.1295004040002823, 0.3011539876461029, 3.573936939239502
0.0, -3.0, 2.0
0.1382872313261032, 0.0977218821644783, 3.5965399742126465
0.0, -3.0, 2.0
0.03643457964062691, 0.6356659531593323, 3.718806266784668
0.0, -3.0, 2.0
0.08715929090976715, 0.40899658203125, 3.6960744857788086
0.0, -3.0, 2.0
0.052034683525562286, 1.1378535032272339, 3.453716516494751
0.0, -3.0, 2.0
0.013757691718637943, 0.8048272728919983, 3.674126148223877
0.0, -3.0, 2.0
0.12304532527923584, 0.1377139389514923, 3.6538844108581543
0.0, -3.0, 2.0
0.11314953118562698, 0.49820390343666077, 1.8140898942947388
0.0, -3.0, 2.0
0.04526317119598389, 1.0710654258728027, 1.6552972793579102
0.0, -3.0, 2.0
0.12603642046451569, 0.017405660822987556, 2.6215217113494873
0.0, -3.0, 2.0
0.13625222444534302, -0.148673415184021, 3.068993091583252
0.0, -3.0, 2.0
0.47071656584739685, -0.6071654558181763, 1.4629182815551758
0.0, -3.0, 2.0
0.1067238301038742, 0.603986918926239, 2.705974817276001
0.0, -3.0, 2.0
0.05707703158259392, 1.1158467531204224, 3.4556612968444824
0.0, -3.0, 2.0
0.1004260703921318, 0.448060005903244, 2.026812791824341
new trace
!@!name: context points 4.002999782562256
0.0, -3.0, 2.0
0.08026380836963654, 1.0054380893707275, 3.4547805786132812
0.0, -3.0, 2.0
0.12584245204925537, 0.02367779053747654, 2.6176576614379883
0.0, -3.0, 2.0
0.05992169305682182, -0.10038856416940689, 1.7570717334747314
0.0, -3.0, 2.0
0.14032098650932312, 0.02681972272694111, 3.6065726280212402
0.0, -3.0, 2.0
0.09957610070705414, 0.8428118824958801, 3.202012300491333
0.0, -3.0, 2.0
0.07871785759925842, 0.30237317085266113, 3.7458157539367676
0.0, -3.0, 2.0
0.12300791591405869, 0.3417840301990509, 3.0460283756256104
0.0, -3.0, 2.0
0.014106194488704205, 1.154545545578003, 1.6047245264053345
0.0, -3.0, 2.0
0.4295472502708435, 0.8325393199920654, 1.2225325107574463
0.0, -3.0, 2.0
0.040880218148231506, 0.1613864004611969, 1.8105932474136353
0.0, -3.0, 2.0
0.011880015023052692, 1.016430377960205, 3.5756518840789795
0.0, -3.0, 2.0
0.06613628566265106, 0.8469496369361877, 3.5797293186187744
0.0, -3.0, 2.0
0.10749420523643494, 0.5917885303497314, 2.7152538299560547
0.0, -3.0, 2.0
0.03893165662884712, 1.230075716972351, 3.420274257659912
0.0, -3.0, 2.0
0.11251653730869293, 0.13674107193946838, 2.0369718074798584
0.0, -3.0, 2.0
0.3912949562072754, 1.5327593088150024, 1.0985960960388184
0.0, -3.0, 2.0
0.1398490071296692, -0.16443811357021332, 3.282182455062866
0.0, -3.0, 2.0
0.026482578366994858, 0.7282261252403259, 3.695760726928711
0.0, -3.0, 2.0
0.12198148667812347, 0.21875369548797607, 2.6872305870056152
0.0, -3.0, 2.0
0.055687688291072845, 1.1074974536895752, 2.1970794200897217
0.0, -3.0, 2.0
0.013999729417264462, 1.3961329460144043, 2.183453321456909
0.0, -3.0, 2.0
0.12776395678520203, 0.23775456845760345, 3.1332473754882812
0.0, -3.0, 2.0
0.12545384466648102, -0.11872303485870361, 3.705535650253296
0.0, -3.0, 2.0
0.05018032714724541, 0.7569817304611206, 3.6541178226470947
0.0, -3.0, 2.0
0.1295231580734253, -0.04474374279379845, 2.7605373859405518
0.0, -3.0, 2.0
0.4752410650253296, 0.6231123208999634, 0.9813542366027832
0.0, -3.0, 2.0
0.11441602557897568, 0.4010630249977112, 2.6123244762420654
0.0, -3.0, 2.0
0.10093719512224197, 0.3412884473800659, 3.6756014823913574
0.0, -3.0, 2.0
0.4036198556423187, 1.703813910484314, 0.8904742002487183
0.0, -3.0, 2.0
0.0507507361471653, 1.030013918876648, 1.9098998308181763
0.0, -3.0, 2.0
0.1426415592432022, -0.10658268630504608, 3.6290817260742188
0.0, -3.0, 2.0
0.1410331279039383, -0.2468392252922058, 3.2749719619750977
0.0, -3.0, 2.0
0.07007009536027908, 1.091038465499878, 3.436162233352661
0.0, -3.0, 2.0
0.06516078114509583, 0.3946034908294678, 3.7485270500183105
0.0, -3.0, 2.0
0.12630148231983185, 0.43822550773620605, 1.7455973625183105
0.0, -3.0, 2.0
0.06075168401002884, 1.0984477996826172, 1.5454013347625732
0.0, -3.0, 2.0
0.08818930387496948, 0.6958067417144775, 2.099029302597046
0.0, -3.0, 2.0
0.09315004199743271, 0.645108163356781, 2.1603801250457764
0.0, -3.0, 2.0
0.11339348554611206, 0.3850438594818115, 2.5147175788879395
0.0, -3.0, 2.0
0.12724518775939941, -0.12331145256757736, 2.5492701530456543
0.0, -3.0, 2.0
0.3192693591117859, 2.4824113845825195, 0.8562419414520264
0.0, -3.0, 2.0
0.03964310884475708, 0.1508164405822754, 1.751987338066101
0.0, -3.0, 2.0
0.06097349524497986, 1.2598958015441895, 2.924830913543701
0.0, -3.0, 2.0
0.05999649316072464, 1.075473427772522, 1.5775146484375
0.0, -3.0, 2.0
0.058659642934799194, -0.07501842826604843, 1.764647364616394
0.0, -3.0, 2.0
0.07737667113542557, 0.5132811665534973, 3.687798261642456
0.0, -3.0, 2.0
0.03407533839344978, 1.2607141733169556, 2.153322458267212
0.0, -3.0, 2.0
0.06338735669851303, 0.4722632169723511, 3.730555534362793
0.0, -3.0, 2.0
0.051890552043914795, 1.1512190103530884, 1.5136902332305908
0.0, -3.0, 2.0
0.0035091571044176817, 0.7734119296073914, 3.6895852088928223
0.0, -3.0, 2.0
0.0719449445605278, 1.0321428775787354, 2.4504425525665283
0.0, -3.0, 2.0
0.027048423886299133, 1.5242490768432617, 2.9101333618164062
0.0, -3.0, 2.0
0.12270066887140274, -0.07799945026636124, 2.328537940979004
0.0, -3.0, 2.0
0.050715845078229904, 0.050022222101688385, 1.785128116607666
0.0, -3.0, 2.0
0.00208101118914783, 0.5733692646026611, 3.755953788757324
0.0, -3.0, 2.0
0.09275415539741516, 0.7119919061660767, 3.5621843338012695
0.0, -3.0, 2.0
-0.0014979852130636573, 0.5850880742073059, 3.7527379989624023
0.0, -3.0, 2.0
0.03299540653824806, 0.20837564766407013, 1.777046799659729
0.0, -3.0, 2.0
0.11503853648900986, 0.5706803798675537, 3.2041683197021484
0.0, -3.0, 2.0
0.11281519383192062, 0.5901943445205688, 3.0932226181030273
0.0, -3.0, 2.0
0.14454907178878784, 0.10594198107719421, 3.5625176429748535
0.0, -3.0, 2.0
0.026870187371969223, 0.5819809436798096, 3.744137763977051
0.0, -3.0, 2.0
0.007774572353810072, 1.975089192390442, 2.8216700553894043
0.0, -3.0, 2.0
0.06366745382547379, 1.238540530204773, 2.948197841644287
0.0, -3.0, 2.0
0.07287861406803131, 1.004711627960205, 3.478403091430664
0.0, -3.0, 2.0
0.03799837455153465, 0.17535538971424103, 1.7824026346206665
0.0, -3.0, 2.0
0.1198815330862999, 0.06450062990188599, 2.32330322265625
0.0, -3.0, 2.0
0.11370781064033508, 0.0931573286652565, 2.01560378074646
0.0, -3.0, 2.0
0.05514446645975113, 0.8462352156639099, 3.6052279472351074
0.0, -3.0, 2.0
0.11948616057634354, 0.4774765372276306, 3.2130095958709717
0.0, -3.0, 2.0
0.10068540275096893, 0.5673551559448242, 2.2890982627868652
0.0, -3.0, 2.0
0.05367838591337204, 1.398672103881836, 3.271674871444702
0.0, -3.0, 2.0
0.09621742367744446, 0.7523387670516968, 2.5861217975616455
0.0, -3.0, 2.0
0.05719888210296631, -0.03984704241156578, 1.8081300258636475
0.0, -3.0, 2.0
-0.00038583340938203037, 0.5465352535247803, 3.7631306648254395
0.0, -3.0, 2.0
0.03144361451268196, 0.751395583152771, 3.682244300842285
0.0, -3.0, 2.0
0.09694581478834152, 0.8885617256164551, 3.241311550140381
0.0, -3.0, 2.0
0.015825653448700905, 0.9101141095161438, 3.6267285346984863
0.0, -3.0, 2.0
0.01239812932908535, 1.0434800386428833, 3.560877799987793
0.0, -3.0, 2.0
0.056160300970077515, -0.022571945562958717, 1.8073819875717163
0.0, -3.0, 2.0
0.10259661078453064, 0.8055492043495178, 3.264582395553589
0.0, -3.0, 2.0
0.1341080218553543, -0.21068789064884186, 3.6893489360809326
0.0, -3.0, 2.0
0.07065968215465546, 1.1919803619384766, 3.3708274364471436
0.0, -3.0, 2.0
0.1259823739528656, -0.10915514081716537, 1.9922995567321777
0.0, -3.0, 2.0
0.12903574109077454, 0.22679446637630463, 3.2054781913757324
0.0, -3.0, 2.0
0.019821416586637497, 0.2984553873538971, 1.842016577720642
0.0, -3.0, 2.0
0.08352527767419815, 0.6251348853111267, 3.629513740539551
0.0, -3.0, 2.0
0.0022655020002275705, 0.320432186126709, 1.8101407289505005
0.0, -3.0, 2.0
0.0609075166285038, 0.937871515750885, 1.9105093479156494
0.0, -3.0, 2.0
0.13647016882896423, -0.0958065614104271, 3.142225980758667
0.0, -3.0, 2.0
0.05029003322124481, 0.700239896774292, 3.676664352416992
0.0, -3.0, 2.0
0.04165545478463173, 1.0904299020767212, 1.8830430507659912
0.0, -3.0, 2.0
0.09512101113796234, 1.0704103708267212, 3.36220645904541
0.0, -3.0, 2.0
0.06699773669242859, 1.2337687015533447, 3.1134567260742188
0.0, -3.0, 2.0
0.08264842629432678, 0.7096041440963745, 1.9575490951538086
0.0, -3.0, 2.0
0.12871810793876648, 0.13231098651885986, 2.9709880352020264
0.0, -3.0, 2.0
0.04122890904545784, 0.7217229008674622, 3.682079315185547
0.0, -3.0, 2.0
0.12994176149368286, -0.12003190070390701, 2.7103047370910645
0.0, -3.0, 2.0
0.02584383450448513, 0.27426791191101074, 1.8462629318237305
0.0, -3.0, 2.0
0.006342595908790827, 0.618901789188385, 3.7424211502075195
0.0, -3.0, 2.0
0.023238757625222206, 0.2866359353065491, 1.8471400737762451
0.0, -3.0, 2.0
0.12748566269874573, 0.029132986441254616, 2.7255215644836426
0.0, -3.0, 2.0
0.10027462244033813, 0.6006280779838562, 2.351567029953003
0.0, -3.0, 2.0
0.0166226327419281, 1.4904175996780396, 3.2589900493621826
0.0, -3.0, 2.0
0.05878869444131851, -0.06695997714996338, 1.816103219985962
0.0, -3.0, 2.0
0.1262226402759552, -0.08624228835105896, 2.5216691493988037
0.0, -3.0, 2.0
0.025173021480441093, 0.9958367347717285, 3.5769152641296387
0.0, -3.0, 2.0
0.07176243513822556, 1.121312141418457, 3.4125614166259766
0.0, -3.0, 2.0
0.09533178061246872, 0.5542944669723511, 2.044559955596924
0.0, -3.0, 2.0
0.12134191393852234, -0.05994383245706558, 2.2693474292755127
0.0, -3.0, 2.0
0.07294756174087524, 0.7900103330612183, 3.5886616706848145
0.0, -3.0, 2.0
0.11186312139034271, 0.4617310166358948, 2.610111713409424
0.0, -3.0, 2.0
0.11869954317808151, -0.08437900245189667, 2.1061887741088867
0.0, -3.0, 2.0
0.11542809009552002, 0.0649116039276123, 2.0136005878448486
0.0, -3.0, 2.0
0.09368033707141876, 0.685762882232666, 2.279069662094116
0.0, -3.0, 2.0
0.12190540879964828, 0.2515436112880707, 3.624606132507324
0.0, -3.0, 2.0
0.13240312039852142, -0.010641166940331459, 2.986398935317993
0.0, -3.0, 2.0
0.13447976112365723, 0.018849508836865425, 3.173128604888916
0.0, -3.0, 2.0
0.10036840289831161, 0.24524742364883423, 3.7054250240325928
0.0, -3.0, 2.0
0.00029824484954588115, 0.34002000093460083, 1.8589024543762207
0.0, -3.0, 2.0
0.01548790279775858, 0.7488056421279907, 3.695369243621826
0.0, -3.0, 2.0
0.014320803806185722, 1.1606067419052124, 1.6708756685256958
0.0, -3.0, 2.0
0.13410213589668274, 0.11360054463148117, 1.8548139333724976
0.0, -3.0, 2.0
0.12672552466392517, 0.014204067178070545, 2.6593353748321533
0.0, -3.0, 2.0
0.43757161498069763, 0.7688775062561035, 1.1942070722579956
0.0, -3.0, 2.0
0.13458622992038727, 0.4010013937950134, 3.5124752521514893
0.0, -3.0, 2.0
0.07573320716619492, 1.0888961553573608, 2.83209490776062
0.0, -3.0, 2.0
0.03568781912326813, 0.9933547377586365, 3.5657453536987305
0.0, -3.0, 2.0
0.043845467269420624, 0.11611676216125488, 1.7571220397949219
0.0, -3.0, 2.0
0.08697882294654846, 0.6291545629501343, 1.8913748264312744
0.0, -3.0, 2.0
0.05449172481894493, 1.1247165203094482, 3.4562902450561523
0.0, -3.0, 2.0
0.10359445959329605, 0.6334347724914551, 3.5566134452819824
0.0, -3.0, 2.0
0.05988919734954834, 1.1144306659698486, 2.3253729343414307
0.0, -3.0, 2.0
0.02955370768904686, 1.0932425260543823, 1.6612937450408936
0.0, -3.0, 2.0
0.017140256240963936, 0.29765191674232483, 1.8163375854492188
0.0, -3.0, 2.0
0.121107317507267, 0.08904823660850525, 2.4244000911712646
0.0, -3.0, 2.0
0.06579120457172394, 1.0995409488677979, 2.459157705307007
0.0, -3.0, 2.0
0.12866531312465668, 0.06338424980640411, 3.650452136993408
0.0, -3.0, 2.0
0.09569602459669113, 0.5967455506324768, 1.8572371006011963
0.0, -3.0, 2.0
0.05544907972216606, -0.0041984799318015575, 1.8404951095581055
0.0, -3.0, 2.0
0.02862091176211834, 0.2593996524810791, 1.8452086448669434
0.0, -3.0, 2.0
0.1288186013698578, 0.05313021317124367, 2.8441390991210938
0.0, -3.0, 2.0
0.035658933222293854, 0.5457134246826172, 3.74719500541687
0.0, -3.0, 2.0
0.06805899739265442, 0.42343929409980774, 3.7357306480407715
0.0, -3.0, 2.0
0.054942380636930466, -0.0076021673157811165, 1.7888280153274536
0.0, -3.0, 2.0
0.05739694833755493, 1.0218394994735718, 2.022341251373291
0.0, -3.0, 2.0
0.009972892701625824, 1.8534260988235474, 2.9423203468322754
0.0, -3.0, 2.0
0.04871593415737152, 0.9745692014694214, 1.7642831802368164
0.0, -3.0, 2.0
0.06568979471921921, 0.5102272033691406, 3.7147817611694336
0.0, -3.0, 2.0
0.08303429931402206, 0.8072711229324341, 2.1908977031707764
0.0, -3.0, 2.0
0.05067412555217743, 1.0009342432022095, 1.710415244102478
0.0, -3.0, 2.0
0.08922680467367172, 0.7444880604743958, 2.252941608428955
0.0, -3.0, 2.0
0.1247662752866745, 0.3777172863483429, 1.7937395572662354
0.0, -3.0, 2.0
0.06102515384554863, 1.1222589015960693, 3.441967010498047
0.0, -3.0, 2.0
0.10865968465805054, 0.339996874332428, 2.1775758266448975
0.0, -3.0, 2.0
0.061736296862363815, 0.7552868723869324, 3.6319961547851562
0.0, -3.0, 2.0
0.0412369966506958, 1.1266565322875977, 1.9545260667800903
0.0, -3.0, 2.0
0.09191209822893143, 0.3602934777736664, 3.697631359100342
0.0, -3.0, 2.0
0.08672027289867401, 0.3126341700553894, 3.725037097930908
0.0, -3.0, 2.0
0.1442158818244934, 0.058999571949243546, 3.578049421310425
0.0, -3.0, 2.0
0.019573897123336792, 0.7026202082633972, 3.7100515365600586
0.0, -3.0, 2.0
0.01698988303542137, 1.3574962615966797, 2.1263587474823
0.0, -3.0, 2.0
0.05031072720885277, 0.06385812908411026, 1.8174593448638916
0.0, -3.0, 2.0
0.1220017746090889, 0.157474547624588, 2.5795135498046875
0.0, -3.0, 2.0
0.06925975531339645, 1.2710679769515991, 3.3218016624450684
0.0, -3.0, 2.0
0.016529211774468422, 1.2252684831619263, 1.8193529844284058
0.0, -3.0, 2.0
0.08988076448440552, 0.362518310546875, 3.702694892883301
0.0, -3.0, 2.0
0.13630330562591553, -0.2188105583190918, 3.0103302001953125
0.0, -3.0, 2.0
0.12810169160366058, -0.16151279211044312, 3.7038397789001465
0.0, -3.0, 2.0
0.00406598811969161, 1.233874797821045, 3.4498820304870605
0.0, -3.0, 2.0
0.039608392864465714, 1.4633371829986572, 3.0566821098327637
0.0, -3.0, 2.0
0.02356087975203991, 0.5646466016769409, 3.751288414001465
0.0, -3.0, 2.0
0.12653769552707672, -0.060627080500125885, 2.5642905235290527
0.0, -3.0, 2.0
0.11503592878580093, 0.12994487583637238, 1.990797519683838
0.0, -3.0, 2.0
0.12365222722291946, 0.39666548371315, 3.2793564796447754
0.0, -3.0, 2.0
0.007495429366827011, 1.3238624334335327, 3.3882079124450684
0.0, -3.0, 2.0
0.14618456363677979, -0.19660720229148865, 3.632014751434326
0.0, -3.0, 2.0
0.12919262051582336, 0.2866387963294983, 3.3984384536743164
0.0, -3.0, 2.0
0.11142650991678238, 0.308017373085022, 3.648850202560425
0.0, -3.0, 2.0
0.030142903327941895, 1.3832402229309082, 2.43291974067688
0.0, -3.0, 2.0
-0.005422014743089676, 1.2135881185531616, 1.5865678787231445
0.0, -3.0, 2.0
0.12296877801418304, -0.06504613161087036, 2.355069637298584
0.0, -3.0, 2.0
0.4543417692184448, 1.169732689857483, 0.8525997400283813
0.0, -3.0, 2.0
0.00393945537507534, 1.565773606300354, 3.203770160675049
0.0, -3.0, 2.0
0.08521702140569687, 0.6428864598274231, 3.6171493530273438
0.0, -3.0, 2.0
0.11196237057447433, 0.13946200907230377, 2.0144541263580322
0.0, -3.0, 2.0
0.03575863316655159, 1.0926345586776733, 3.5105063915252686
0.0, -3.0, 2.0
0.04590296745300293, 0.12625479698181152, 1.8597890138626099
0.0, -3.0, 2.0
0.10691425204277039, 0.2980595529079437, 2.0259432792663574
0.0, -3.0, 2.0
0.07144425809383392, 0.8457986116409302, 3.5662755966186523
0.0, -3.0, 2.0
0.10030127316713333, 0.450724720954895, 2.0269970893859863
0.0, -3.0, 2.0
0.13454732298851013, 0.36414608359336853, 3.5266551971435547
0.0, -3.0, 2.0
0.05383241921663284, 0.009688258171081543, 1.792006254196167
0.0, -3.0, 2.0
0.011588658206164837, 0.2985242009162903, 1.78536057472229
0.0, -3.0, 2.0
0.04954124987125397, 1.0342727899551392, 1.897294282913208
0.0, -3.0, 2.0
0.1156570091843605, 0.1804688423871994, 2.2568225860595703
0.0, -3.0, 2.0
0.1256425529718399, 0.2935638725757599, 3.1157073974609375
0.0, -3.0, 2.0
0.12387190759181976, 0.0007229380425997078, 2.4736168384552
0.0, -3.0, 2.0
0.12242365628480911, 0.02876868098974228, 2.422745943069458
0.0, -3.0, 2.0
0.11059317737817764, 0.08625467121601105, 3.713221311569214
new trace
!@!name: reference points
-0.016692490744724467, 5.989834991165095, -2.3750543196749465
0.05731903956200948, 5.963833321502198, -2.376898218257783
0.13070256754213153, 5.843496643241156, -2.385431868911704
0.20265408414980438, 5.630143396371572, -2.400561774737504
0.27238526982876793, 5.326111134635603, -2.422122168546256
0.33913213154671606, 4.934730914680287, -2.4498768290478257
0.40216337330194973, 4.460290800133347, -2.483521668952843
0.4607884083928443, 3.907988880461218, -2.5226880666322717
0.5143649256656146, 3.2838763193469767, -2.566946904831946
0.5623059268426173, 2.594791056564949, -2.6158132721930105
-0.01669249074472367, 6.397743276811612, -1.411150221683581
0.05731903956200955, 6.3703148508782395, -1.4130952981484253
0.1307025675421311, 6.243375092411068, -1.4220972048696852
0.20265408414980438, 6.01831478646627, -1.4380573146127191
0.27238526982876765, 5.69759975237441, -1.4608007642582428
0.3391321315467158, 5.284743827581616, -1.490078370648244
0.40216337330195, 4.784270369131317, -1.5255693607015415
0.4607884083928432, 4.201662694586332, -1.566884885887227
0.5143649256656141, 3.543304005373482, -1.6135722825504168
0.5623059268426189, 2.8164074507662056, -1.6651200314132026
-0.016692490744724345, 6.702687439405189, -0.4098726725049069
0.05731903956200976, 6.674132770179799, -0.41189761608739506
0.1307025675421311, 6.541980716562673, -0.4212691516413476
0.2026540841498048, 6.307679170873222, -0.43788460218233194
0.27238526982876793, 5.973795201871601, -0.4615619245066167
0.33913213154671606, 5.543986929284758, -0.49204170370387557
0.4021633733019503, 5.02296344449392, -0.5289899953745354
0.46078840839284374, 4.4164332165029005, -0.5720019844116049
0.5143649256656135, 3.7310415484648782, -0.620606420260394
0.5623059268426178, 2.974297770010244, -0.6742707800623555
-0.016692490744724623, 6.901326431275464, 0.6178080702420901
0.05731903956200962, 6.871958371151376, 0.6157254453512477
0.13070256754213125, 6.736041914703707, 0.6060869579490307
0.20265408414980451, 6.4950661980297575, 0.5889982098138273
0.2723852698287685, 6.151671413845323, 0.56464642972111
0.3391321315467166, 5.70961988484566, 0.5332984221161623
0.4021633733019503, 5.173754842718093, 0.4952976439351402
0.4607884083928432, 4.549947364434221, 0.4510604416013635
0.5143649256656141, 3.845032047201415, 0.40107148942553117
0.5623059268426184, 3.0667321268357224, 0.34587847938765837
-0.0166924907447236, 6.99148391189051, 1.660632468672763
0.057319039562009344, 6.961624224983565, 1.6585149802543158
0.1307025675421311, 6.823432501802651, 1.6487151427822226
0.20265408414980507, 6.578422806860003, 1.6313403258282704
0.27238526982876765, 6.229279530188007, 1.6065808924124108
0.33913213154671606, 5.779827976462853, 1.574708113335919
0.4021633733019492, 5.234992453970149, 1.5360711950678723
0.46078840839284374, 4.600742322600803, 1.4910934537480718
0.5143649256656141, 3.884026591989257, 1.440267677225218
0.5623059268426184, 3.0926977863540444, 1.3841507259448442
-0.016692490744724276, 6.972172092410521, 2.707175067066539
0.05731903956200941, 6.94214792922765, 2.7050459148751056
0.1307025675421311, 6.803195003825724, 2.695192096904921
0.20265408414980507, 6.556835720646767, 2.6777215741521667
0.2723852698287682, 6.205769256163395, 2.652825758214448
0.3391321315467158, 5.753841985998365, 2.620777414135479
0.40216337330194973, 5.206005343031425, 2.5819276719202193
0.4607884083928432, 4.568261568211055, 2.5367021794630853
0.5143649256656135, 3.8475979484392973, 2.485596439038752
0.5623059268426178, 3.051910262036576, 2.429170378450181
-0.016692490744723704, 6.843602558159624, 3.7459696721355957
0.05731903956200893, 6.81374287125268, 3.743852183717146
0.1307025675421311, 6.675551148071763, 3.734052346245054
0.2026540841498048, 6.430541453129116, 3.7166775292911005
0.2723852698287674, 6.081398176457121, 3.69191809587524
0.3391321315467158, 5.631946622731967, 3.6600453167987492
0.40216337330194973, 5.087111100239262, 3.6214083985307024
0.46078840839284374, 4.452860968869918, 3.5764306572109033
0.5143649256656141, 3.7361452382583717, 3.525604880688051
0.5623059268426178, 2.944816432623158, 3.4694879294076735
-0.0166924907447236, 6.607183950441966, 4.765634979625016
0.057319039562009066, 6.577815890317877, 4.763552354734174
0.1307025675421311, 6.44189943387021, 4.753913867331956
0.2026540841498048, 6.200923717196263, 4.736825119196753
0.27238526982876793, 5.857528933011826, 4.712473339104035
0.33913213154671606, 5.415477404012162, 4.68112533149909
0.4021633733019503, 4.879612361884597, 4.643124553318064
0.46078840839284374, 4.2558048836007245, 4.59888735098429
0.5143649256656135, 3.5508895663679167, 4.548898398808454
0.5623059268426184, 2.772589646002225, 4.493705388770584
-0.016692490744723357, 6.265506533100689, 5.75499927084652
0.05731903956200962, 6.236951863875301, 5.75297432726403
0.1307025675421307, 6.104799810258175, 5.743602791710079
0.20265408414980424, 5.870498264568724, 5.7269873411690915
0.27238526982876765, 5.536614295567102, 5.70331001884481
0.3391321315467155, 5.106806022980262, 5.672830239647549
0.4021633733019503, 4.58578253818942, 5.635881947976887
0.46078840839284374, 3.979252310198402, 5.5928699589398185
0.5143649256656141, 3.2938606421603804, 5.544265523091029
0.5623059268426184, 2.5371168637057453, 5.4906011632890666
-0.016692490744724137, 5.822313812912608, 6.703222812938193
0.05731903956201011, 5.794885386979235, 6.701277736473349
0.13070256754213153, 5.667945628512063, 6.692275829752091
0.20265408414980438, 5.442885322567266, 6.676315720009059
0.27238526982876765, 5.122170288475406, 6.653572270363533
0.33913213154671606, 4.709314363682611, 6.62429466397353
0.40216337330194973, 4.208840905232313, 6.588803673920231
0.4607884083928432, 3.626233230687327, 6.547488148734549
0.5143649256656141, 2.967874541474477, 6.500800752071355
0.5623059268426173, 2.2409779868672004, 6.449253003208572
