!@!title: Time: 20.5515
!@!name: model points
0.0, -3.0, 2.0
-0.005222667939960957, 0.9354453682899475, 1.2569042444229126
0.0, -3.0, 2.0
0.017917051911354065, 0.9264487624168396, 1.2570180892944336
0.0, -3.0, 2.0
0.040653277188539505, 0.8844314813613892, 1.2580435276031494
0.0, -3.0, 2.0
0.062470000237226486, 0.8107660412788391, 1.2600045204162598
0.0, -3.0, 2.0
0.08290524035692215, 0.7079928517341614, 1.262784481048584
0.0, -3.0, 2.0
0.10155709832906723, 0.5793779492378235, 1.2663556337356567
0.0, -3.0, 2.0
0.11804744601249695, 0.428640753030777, 1.2710092067718506
0.0, -3.0, 2.0
0.13214236497879028, 0.260388046503067, 1.2765573263168335
0.0, -3.0, 2.0
0.14360423386096954, 0.07925473898649216, 1.283340573310852
0.0, -3.0, 2.0
0.15238305926322937, -0.10981026291847229, 1.2911231517791748
0.0, -3.0, 2.0
-0.006031873635947704, 1.227782964706421, 1.490077257156372
0.0, -3.0, 2.0
0.020695386454463005, 1.2168726921081543, 1.489793300628662
0.0, -3.0, 2.0
0.04696947708725929, 1.1655442714691162, 1.4889529943466187
0.0, -3.0, 2.0
0.07220510393381119, 1.0754175186157227, 1.4876240491867065
0.0, -3.0, 2.0
0.09586790949106216, 0.9494392275810242, 1.485860824584961
0.0, -3.0, 2.0
0.11746609956026077, 0.7913727760314941, 1.4838776588439941
0.0, -3.0, 2.0
0.13660003244876862, 0.6060506701469421, 1.4818205833435059
0.0, -3.0, 2.0
0.15302139520645142, 0.3990553319454193, 1.4796594381332397
0.0, -3.0, 2.0
0.1664956659078598, 0.17586299777030945, 1.4776999950408936
0.0, -3.0, 2.0
0.17692632973194122, -0.05776634067296982, 1.4760795831680298
0.0, -3.0, 2.0
-0.007045389618724585, 1.5627909898757935, 1.8270052671432495
0.0, -3.0, 2.0
0.024172984063625336, 1.5494807958602905, 1.8262916803359985
0.0, -3.0, 2.0
0.054877869784832, 1.4871654510498047, 1.8231223821640015
0.0, -3.0, 2.0
0.08440487086772919, 1.3776394128799438, 1.817622184753418
0.0, -3.0, 2.0
0.11213766783475876, 1.22427499294281, 1.8099806308746338
0.0, -3.0, 2.0
0.13753314316272736, 1.0316996574401855, 1.8004552125930786
0.0, -3.0, 2.0
0.1600876748561859, 0.8052735328674316, 1.7894269227981567
0.0, -3.0, 2.0
0.17940481007099152, 0.5514786243438721, 1.7772948741912842
0.0, -3.0, 2.0
0.1952657401561737, 0.277521550655365, 1.7644023895263672
0.0, -3.0, 2.0
0.2075161188840866, -0.009485279209911823, 1.7511638402938843
0.0, -3.0, 2.0
-0.007972195744514465, 1.86324143409729, 2.295060157775879
0.0, -3.0, 2.0
0.02735273167490959, 1.847704291343689, 2.293825149536133
0.0, -3.0, 2.0
0.06216075271368027, 1.7768218517303467, 2.2882485389709473
0.0, -3.0, 2.0
0.09580791741609573, 1.6523478031158447, 2.2784581184387207
0.0, -3.0, 2.0
0.12766501307487488, 1.4771655797958374, 2.264645576477051
0.0, -3.0, 2.0
0.15713539719581604, 1.2554906606674194, 2.2471015453338623
0.0, -3.0, 2.0
0.18372471630573273, 0.9930602312088013, 2.2262723445892334
0.0, -3.0, 2.0
0.20683154463768005, 0.6957162618637085, 2.202465057373047
0.0, -3.0, 2.0
0.226061150431633, 0.37138789892196655, 2.176269292831421
0.0, -3.0, 2.0
0.24136647582054138, 0.028644384816288948, 2.1484663486480713
0.0, -3.0, 2.0
-0.007741434499621391, 1.8511202335357666, 2.7701473236083984
0.0, -3.0, 2.0
0.02656042017042637, 1.8357319831848145, 2.7685203552246094
0.0, -3.0, 2.0
0.06041098013520241, 1.767197847366333, 2.7620391845703125
0.0, -3.0, 2.0
0.09327197819948196, 1.6469769477844238, 2.7508280277252197
0.0, -3.0, 2.0
0.12463301420211792, 1.4775938987731934, 2.735109567642212
0.0, -3.0, 2.0
0.15402331948280334, 1.262511968612671, 2.715183734893799
0.0, -3.0, 2.0
0.18102191388607025, 1.0060155391693115, 2.6914167404174805
0.0, -3.0, 2.0
0.20525045692920685, 0.7130237817764282, 2.664182424545288
0.0, -3.0, 2.0
0.22645817697048187, 0.38920819759368896, 2.6341030597686768
0.0, -3.0, 2.0
0.2444424331188202, 0.04029708728194237, 2.601710081100464
0.0, -3.0, 2.0
-0.007094491273164749, 1.6882165670394897, 3.1505789756774902
0.0, -3.0, 2.0
0.024338841438293457, 1.6739169359207153, 3.148618221282959
0.0, -3.0, 2.0
0.055350080132484436, 1.6105815172195435, 3.1413631439208984
0.0, -3.0, 2.0
0.08544278889894485, 1.499629020690918, 3.1289777755737305
0.0, -3.0, 2.0
0.11414478719234467, 1.3433979749679565, 3.1116836071014404
0.0, -3.0, 2.0
0.14103837311267853, 1.1452685594558716, 3.0899295806884766
0.0, -3.0, 2.0
0.16574209928512573, 0.9091528654098511, 3.064080238342285
0.0, -3.0, 2.0
0.1879255771636963, 0.6395917534828186, 3.034555435180664
0.0, -3.0, 2.0
0.20733891427516937, 0.3416641056537628, 3.001936435699463
0.0, -3.0, 2.0
0.22382165491580963, 0.020662451162934303, 2.9669129848480225
0.0, -3.0, 2.0
-0.0064226966351270676, 1.4788861274719238, 3.4413204193115234
0.0, -3.0, 2.0
0.022033406421542168, 1.4660004377365112, 3.4391345977783203
0.0, -3.0, 2.0
0.05009422078728676, 1.408724069595337, 3.4311459064483643
0.0, -3.0, 2.0
0.07729170471429825, 1.308398962020874, 3.4175305366516113
0.0, -3.0, 2.0
0.10318468511104584, 1.1672917604446411, 3.3985683917999268
0.0, -3.0, 2.0
0.1273888349533081, 0.9886429905891418, 3.3748297691345215
0.0, -3.0, 2.0
0.1495649367570877, 0.7761985063552856, 3.3468050956726074
0.0, -3.0, 2.0
0.16943275928497314, 0.5342196822166443, 3.3150601387023926
0.0, -3.0, 2.0
0.18681609630584717, 0.2673662006855011, 3.280491352081299
0.0, -3.0, 2.0
0.2015419602394104, -0.01977895013988018, 3.2435355186462402
0.0, -3.0, 2.0
-0.0059039406478405, 1.275819182395935, 3.685549736022949
0.0, -3.0, 2.0
0.02025241032242775, 1.2641417980194092, 3.6830954551696777
0.0, -3.0, 2.0
0.04603550210595131, 1.2122911214828491, 3.674403190612793
0.0, -3.0, 2.0
0.07100389152765274, 1.1215074062347412, 3.6596407890319824
0.0, -3.0, 2.0
0.09475305676460266, 0.9940317869186401, 3.6393003463745117
0.0, -3.0, 2.0
0.11693210154771805, 0.8328518867492676, 3.6140427589416504
0.0, -3.0, 2.0
0.13720540702342987, 0.6412642002105713, 3.5840868949890137
0.0, -3.0, 2.0
0.15527376532554626, 0.42317378520965576, 3.549705982208252
0.0, -3.0, 2.0
0.1709994375705719, 0.18314194679260254, 3.512270927429199
0.0, -3.0, 2.0
0.1842239648103714, -0.07450468838214874, 3.472238063812256
0.0, -3.0, 2.0
-0.0054490226320922375, 1.0659775733947754, 3.878636360168457
0.0, -3.0, 2.0
0.0186932310461998, 1.0556542873382568, 3.876194953918457
0.0, -3.0, 2.0
0.04249776527285576, 1.009521484375, 3.8675248622894287
0.0, -3.0, 2.0
0.06556575745344162, 0.9287076592445374, 3.8528828620910645
0.0, -3.0, 2.0
0.08752626180648804, 0.8150968551635742, 3.8326592445373535
0.0, -3.0, 2.0
0.10805363953113556, 0.671266496181488, 3.807466506958008
0.0, -3.0, 2.0
0.1268518567085266, 0.5001934170722961, 3.7776906490325928
0.0, -3.0, 2.0
0.14370159804821014, 0.3053898811340332, 3.7441937923431396
0.0, -3.0, 2.0
0.15839903056621552, 0.09049460291862488, 3.7073605060577393
0.0, -3.0, 2.0
0.17082002758979797, -0.14061690866947174, 3.667961359024048
0.0, -3.0, 2.0
-0.005142226815223694, 0.8694315552711487, 4.064970016479492
0.0, -3.0, 2.0
0.017642587423324585, 0.860255241394043, 4.062628269195557
0.0, -3.0, 2.0
0.04012499004602432, 0.8190451264381409, 4.054492950439453
0.0, -3.0, 2.0
0.06194485351443291, 0.7467117309570312, 4.040735721588135
0.0, -3.0, 2.0
0.08277581632137299, 0.6449114680290222, 4.021969795227051
0.0, -3.0, 2.0
0.10231618583202362, 0.5157002210617065, 3.9985499382019043
0.0, -3.0, 2.0
0.12032055109739304, 0.36166492104530334, 3.971259593963623
0.0, -3.0, 2.0
0.13656020164489746, 0.18559181690216064, 3.940427303314209
0.0, -3.0, 2.0
0.15084990859031677, -0.009421569295227528, 3.9065165519714355
0.0, -3.0, 2.0
0.16308389604091644, -0.2201368659734726, 3.870457649230957
new trace
!@!name: context points 20.500999450683594
0.0, -3.0, 2.0
0.07202368229627609, 0.8043022751808167, 3.5845346450805664
0.0, -3.0, 2.0
0.09226594865322113, 0.28433412313461304, 1.5164273977279663
0.0, -3.0, 2.0
0.06205349415540695, 0.879180371761322, 3.574040412902832
0.0, -3.0, 2.0
0.07748737931251526, 0.4348554313182831, 3.7126269340515137
0.0, -3.0, 2.0
0.06214417889714241, 2.2015726566314697, 2.500899314880371
0.0, -3.0, 2.0
0.18051782250404358, 0.4411037862300873, 3.2270946502685547
0.0, -3.0, 2.0
0.14641335606575012, -0.22643521428108215, 3.6371307373046875
0.0, -3.0, 2.0
0.07295595109462738, 0.6128564476966858, 1.5656208992004395
0.0, -3.0, 2.0
0.05309891328215599, 0.7771550416946411, 3.6402945518493652
0.0, -3.0, 2.0
0.16660863161087036, 0.5956427454948425, 3.247183084487915
0.0, -3.0, 2.0
0.016580874100327492, 1.0814069509506226, 3.537367105484009
0.0, -3.0, 2.0
0.1569843888282776, 0.8647758364677429, 3.169635772705078
0.0, -3.0, 2.0
0.07688214629888535, 0.7313509583473206, 1.8500365018844604
0.0, -3.0, 2.0
0.13497403264045715, -0.28554317355155945, 3.6989972591400146
0.0, -3.0, 2.0
0.10208702832460403, 0.4668321907520294, 2.1303343772888184
0.0, -3.0, 2.0
0.16206102073192596, -0.1741061508655548, 3.5426580905914307
0.0, -3.0, 2.0
0.0656210333108902, 0.918097972869873, 1.96971595287323
0.0, -3.0, 2.0
0.1868761032819748, 0.14695994555950165, 3.296720027923584
0.0, -3.0, 2.0
0.10214421898126602, 0.08953000605106354, 1.5614490509033203
0.0, -3.0, 2.0
-0.00664602592587471, 2.607825517654419, 2.0984039306640625
0.0, -3.0, 2.0
0.07286722958087921, 0.7797442078590393, 1.8492472171783447
0.0, -3.0, 2.0
0.02301565557718277, 1.012235164642334, 1.5068758726119995
0.0, -3.0, 2.0
0.1127736046910286, 1.6723501682281494, 2.8399159908294678
0.0, -3.0, 2.0
0.14588242769241333, 1.9261330366134644, 2.4484944343566895
0.0, -3.0, 2.0
0.10717460513114929, 0.45732077956199646, 2.3432374000549316
0.0, -3.0, 2.0
0.14055219292640686, -0.30247899889945984, 3.678537130355835
0.0, -3.0, 2.0
0.00018123116751667112, 0.8452531099319458, 3.6603775024414062
0.0, -3.0, 2.0
0.0933111384510994, 1.5182090997695923, 3.051887035369873
0.0, -3.0, 2.0
0.0028267756570130587, 0.7201381921768188, 3.70955228805542
0.0, -3.0, 2.0
0.09591168165206909, 0.5247969031333923, 2.0065066814422607
0.0, -3.0, 2.0
0.10232189297676086, 0.12795396149158478, 1.6119272708892822
0.0, -3.0, 2.0
-0.00017717882292345166, 1.3531039953231812, 1.905527114868164
0.0, -3.0, 2.0
0.006341626401990652, 0.8058220148086548, 3.6762137413024902
0.0, -3.0, 2.0
0.10829447954893112, -0.003636610461398959, 1.6879936456680298
0.0, -3.0, 2.0
0.11857712268829346, 0.030098769813776016, 2.2113096714019775
0.0, -3.0, 2.0
0.07268578559160233, 0.8848786950111389, 2.0687246322631836
0.0, -3.0, 2.0
0.21331992745399475, 0.13181661069393158, 3.12278413772583
0.0, -3.0, 2.0
0.15651004016399384, 0.33622443675994873, 3.417590856552124
0.0, -3.0, 2.0
0.13005508482456207, 1.8012796640396118, 2.643768072128296
0.0, -3.0, 2.0
0.07794825732707977, 0.5407100319862366, 3.676872730255127
0.0, -3.0, 2.0
0.04945417121052742, 1.0460220575332642, 3.513476610183716
0.0, -3.0, 2.0
0.09182438254356384, 0.5575336813926697, 1.931708812713623
0.0, -3.0, 2.0
0.03519274666905403, 1.7474963665008545, 3.0170176029205322
0.0, -3.0, 2.0
0.17235057055950165, 0.7782363295555115, 3.1212878227233887
0.0, -3.0, 2.0
0.0074800122529268265, 1.2821420431137085, 1.8352638483047485
0.0, -3.0, 2.0
0.16868147253990173, 0.10853810608386993, 3.424697160720825
0.0, -3.0, 2.0
0.05490414798259735, 0.5934393405914307, 3.707460880279541
0.0, -3.0, 2.0
0.08623813837766647, 0.4365013837814331, 1.5793805122375488
0.0, -3.0, 2.0
0.09935499727725983, 0.25104179978370667, 1.6728246212005615
0.0, -3.0, 2.0
0.04464622586965561, 1.1144603490829468, 3.4828641414642334
0.0, -3.0, 2.0
0.11164526641368866, 0.2191898226737976, 2.114692211151123
0.0, -3.0, 2.0
0.14060431718826294, 0.7171149849891663, 3.3411788940429688
0.0, -3.0, 2.0
-0.0005493371863849461, 1.0977152585983276, 1.434268593788147
0.0, -3.0, 2.0
0.07999533414840698, 0.6579253077507019, 1.78877854347229
0.0, -3.0, 2.0
0.04602709040045738, 0.7861870527267456, 1.4203683137893677
0.0, -3.0, 2.0
0.047952014952898026, 1.514020323753357, 3.1948413848876953
0.0, -3.0, 2.0
0.12357226759195328, -0.02029985375702381, 2.4333291053771973
0.0, -3.0, 2.0
0.10063592344522476, 0.3504708409309387, 1.8642734289169312
0.0, -3.0, 2.0
0.11273586750030518, -0.12103929370641708, 1.7807247638702393
0.0, -3.0, 2.0
0.11116530001163483, 1.3126682043075562, 3.1316771507263184
0.0, -3.0, 2.0
0.1361527144908905, 0.1559879183769226, 3.5894970893859863
0.0, -3.0, 2.0
0.09754075855016708, 0.2728014886379242, 1.6463013887405396
0.0, -3.0, 2.0
0.10221225768327713, 0.13699263334274292, 1.6191051006317139
0.0, -3.0, 2.0
0.15484286844730377, -0.3447834849357605, 3.6178174018859863
0.0, -3.0, 2.0
0.004258341155946255, 0.968453049659729, 1.2827074527740479
0.0, -3.0, 2.0
0.12152165919542313, 0.01906917616724968, 2.360258102416992
0.0, -3.0, 2.0
0.03083188645541668, 1.2126634120941162, 1.9822460412979126
0.0, -3.0, 2.0
0.0806230902671814, 0.48513439297676086, 1.5273441076278687
0.0, -3.0, 2.0
0.12317134439945221, -0.1537402868270874, 2.2969167232513428
0.0, -3.0, 2.0
0.011331023648381233, 0.6553271412849426, 3.72983980178833
0.0, -3.0, 2.0
0.1026923730969429, 0.5279961824417114, 2.288492441177368
0.0, -3.0, 2.0
0.11686492711305618, 0.5492583513259888, 3.5370259284973145
0.0, -3.0, 2.0
0.06064894422888756, 0.7645692825317383, 3.6303768157958984
0.0, -3.0, 2.0
0.10974399000406265, 0.27249211072921753, 2.1104397773742676
0.0, -3.0, 2.0
0.09922055900096893, 0.2862502932548523, 1.7179412841796875
0.0, -3.0, 2.0
0.10290227830410004, 0.7029059529304504, 3.5281500816345215
0.0, -3.0, 2.0
0.09521763771772385, 0.4822290241718292, 3.6471755504608154
0.0, -3.0, 2.0
0.1505899876356125, -0.10519299656152725, 3.5886876583099365
0.0, -3.0, 2.0
0.08787137269973755, 0.5563207268714905, 1.8116755485534668
0.0, -3.0, 2.0
0.18753458559513092, 1.3936634063720703, 2.6426753997802734
0.0, -3.0, 2.0
0.04698517546057701, 0.9089660048484802, 1.6216046810150146
0.0, -3.0, 2.0
0.10500329732894897, 0.49510690569877625, 2.321991205215454
0.0, -3.0, 2.0
0.0666319876909256, 1.2754722833633423, 3.326472282409668
0.0, -3.0, 2.0
0.196111798286438, 0.6228192448616028, 3.042701244354248
0.0, -3.0, 2.0
-0.003856813767924905, 1.559982419013977, 3.208584785461426
0.0, -3.0, 2.0
0.19412681460380554, 1.3508745431900024, 2.630444288253784
0.0, -3.0, 2.0
0.1201959103345871, 0.3836914300918579, 3.5870180130004883
0.0, -3.0, 2.0
0.117620088160038, 0.8889358043670654, 3.369227170944214
0.0, -3.0, 2.0
0.09390127658843994, 0.3807825744152069, 3.6854872703552246
0.0, -3.0, 2.0
0.03546610102057457, 1.7077081203460693, 3.0528030395507812
0.0, -3.0, 2.0
0.10041042417287827, 0.11299705505371094, 1.5327495336532593
0.0, -3.0, 2.0
0.10085374116897583, 0.11353406310081482, 3.7361621856689453
0.0, -3.0, 2.0
0.19131098687648773, 1.0225340127944946, 2.861732006072998
0.0, -3.0, 2.0
0.14982354640960693, 0.1320403516292572, 3.5263895988464355
0.0, -3.0, 2.0
0.09619372338056564, 0.1751057654619217, 1.4833221435546875
0.0, -3.0, 2.0
0.00876250583678484, 0.72584068775177, 3.7064385414123535
0.0, -3.0, 2.0
0.07965897768735886, 0.5210980176925659, 1.5594412088394165
0.0, -3.0, 2.0
-0.005072201602160931, 1.2504782676696777, 1.6553399562835693
0.0, -3.0, 2.0
0.09746997803449631, 0.5624048113822937, 3.6091208457946777
0.0, -3.0, 2.0
0.20394811034202576, -0.1721123456954956, 3.2781193256378174
0.0, -3.0, 2.0
0.11139492690563202, 0.09582927823066711, 1.9321250915527344
0.0, -3.0, 2.0
0.11349388211965561, 0.24703650176525116, 2.2514488697052
0.0, -3.0, 2.0
0.14018966257572174, -0.2424464076757431, 3.6692962646484375
0.0, -3.0, 2.0
0.063824862241745, 0.7983586192131042, 1.6997177600860596
0.0, -3.0, 2.0
0.04098374769091606, 1.1590465307235718, 3.462209701538086
0.0, -3.0, 2.0
0.11687653511762619, -0.03127402067184448, 2.058534860610962
0.0, -3.0, 2.0
0.08800846338272095, 0.5652437210083008, 1.8313782215118408
0.0, -3.0, 2.0
0.10150566697120667, 0.34226834774017334, 1.8825922012329102
0.0, -3.0, 2.0
0.03322233259677887, 0.7096273303031921, 3.6962804794311523
0.0, -3.0, 2.0
0.14225749671459198, 0.22716540098190308, 3.5357773303985596
0.0, -3.0, 2.0
0.11813335120677948, 0.2190035581588745, 3.6502695083618164
0.0, -3.0, 2.0
0.0641942173242569, 0.9329344034194946, 1.9701271057128906
0.0, -3.0, 2.0
0.23104968667030334, -0.09798000007867813, 3.0699076652526855
0.0, -3.0, 2.0
-0.00842418521642685, 2.012220621109009, 2.783064842224121
0.0, -3.0, 2.0
0.08985389769077301, 0.3397030234336853, 1.530081868171692
0.0, -3.0, 2.0
0.12225700169801712, -0.06375768780708313, 2.3164873123168945
0.0, -3.0, 2.0
0.1195531114935875, 0.3088739514350891, 3.6158857345581055
0.0, -3.0, 2.0
0.00477683125063777, 0.671147346496582, 3.726193428039551
0.0, -3.0, 2.0
0.01722681149840355, 1.7106825113296509, 3.0717337131500244
0.0, -3.0, 2.0
0.15776073932647705, -0.32207658886909485, 3.5982329845428467
0.0, -3.0, 2.0
0.10983963310718536, -0.05860179662704468, 1.700973629951477
0.0, -3.0, 2.0
0.04357127100229263, 2.0879738330841064, 2.6640987396240234
0.0, -3.0, 2.0
0.09522823989391327, 0.6610996723175049, 2.281022548675537
0.0, -3.0, 2.0
0.15291443467140198, 0.6818495988845825, 3.288707733154297
0.0, -3.0, 2.0
0.029657816514372826, 0.6561495661735535, 3.7186121940612793
0.0, -3.0, 2.0
0.03694744408130646, 0.6629225015640259, 3.708965539932251
0.0, -3.0, 2.0
0.07147317379713058, 0.754938542842865, 3.608541250228882
0.0, -3.0, 2.0
0.1973436176776886, -0.21311801671981812, 3.3327760696411133
0.0, -3.0, 2.0
0.23933783173561096, -0.23864270746707916, 3.04917573928833
0.0, -3.0, 2.0
0.03173496574163437, 1.3768037557601929, 3.3292996883392334
0.0, -3.0, 2.0
0.0628635436296463, 0.4748587906360626, 3.7307395935058594
0.0, -3.0, 2.0
0.02765377052128315, 0.9658020734786987, 1.481490135192871
0.0, -3.0, 2.0
0.1251130849123001, 0.40084823966026306, 3.558502197265625
0.0, -3.0, 2.0
0.13090790808200836, 0.6479681730270386, 3.425966739654541
0.0, -3.0, 2.0
0.12792159616947174, 0.13843034207820892, 3.632880687713623
0.0, -3.0, 2.0
0.027911093086004257, 2.1334362030029297, 2.6388280391693115
0.0, -3.0, 2.0
0.06808184832334518, 0.6248984932899475, 1.498382806777954
0.0, -3.0, 2.0
0.06683716177940369, 0.6897117495536804, 1.5741827487945557
0.0, -3.0, 2.0
0.1401926428079605, 1.2031980752944946, 3.060123920440674
0.0, -3.0, 2.0
0.1438395231962204, -0.36373820900917053, 3.6741929054260254
0.0, -3.0, 2.0
0.08502768725156784, 0.9157771468162537, 3.4884090423583984
0.0, -3.0, 2.0
0.051299627870321274, 1.025354266166687, 1.9099516868591309
0.0, -3.0, 2.0
0.11609308421611786, 0.5170976519584656, 3.5536956787109375
0.0, -3.0, 2.0
0.12306247651576996, 1.4859058856964111, 2.9444351196289062
0.0, -3.0, 2.0
0.11998935788869858, 0.04490005224943161, 2.3052117824554443
0.0, -3.0, 2.0
0.12434890121221542, 0.42024463415145874, 3.5547053813934326
0.0, -3.0, 2.0
0.10532227903604507, 0.18522565066814423, 1.7927110195159912
0.0, -3.0, 2.0
0.1303800493478775, 1.6865044832229614, 2.7430260181427
0.0, -3.0, 2.0
-0.0031139603815972805, 0.5577186942100525, 3.760094165802002
0.0, -3.0, 2.0
0.09842659533023834, 0.2937995493412018, 3.697821617126465
0.0, -3.0, 2.0
0.11669781059026718, 0.21399304270744324, 3.657442569732666
0.0, -3.0, 2.0
0.07377505302429199, 0.4700850546360016, 3.710322856903076
0.0, -3.0, 2.0
0.026440385729074478, 0.9618695378303528, 3.5931146144866943
0.0, -3.0, 2.0
0.23304875195026398, -0.002010233234614134, 3.0271897315979004
0.0, -3.0, 2.0
0.07631448656320572, 0.6990835666656494, 1.776689887046814
0.0, -3.0, 2.0
0.23268342018127441, -0.2869892418384552, 3.108269214630127
0.0, -3.0, 2.0
0.11629598587751389, 0.11702632158994675, 2.1989529132843018
0.0, -3.0, 2.0
-0.003830892499536276, 1.7815579175949097, 3.0128421783447266
0.0, -3.0, 2.0
0.14098894596099854, -0.28630509972572327, 3.673795223236084
0.0, -3.0, 2.0
0.10520705580711365, 0.19785939157009125, 1.8054659366607666
0.0, -3.0, 2.0
0.10010025650262833, 0.3133123517036438, 1.7872825860977173
0.0, -3.0, 2.0
0.03663798049092293, 1.1174745559692383, 1.8622125387191772
0.0, -3.0, 2.0
0.1299991011619568, -0.1792776733636856, 3.699892520904541
0.0, -3.0, 2.0
0.05045595392584801, 0.9999116659164429, 1.8423980474472046
0.0, -3.0, 2.0
0.13340002298355103, 0.011694367974996567, 3.643096923828125
0.0, -3.0, 2.0
0.06289923191070557, 0.5661155581474304, 3.7021002769470215
0.0, -3.0, 2.0
0.1089891791343689, 0.9642476439476013, 3.3666839599609375
0.0, -3.0, 2.0
0.0411781445145607, 0.9332677721977234, 3.5884764194488525
0.0, -3.0, 2.0
0.029155775904655457, 1.7300524711608887, 3.041694402694702
0.0, -3.0, 2.0
0.09213085472583771, 0.3945072591304779, 3.686460494995117
0.0, -3.0, 2.0
0.06625155359506607, 1.2655640840530396, 3.334406852722168
0.0, -3.0, 2.0
0.04012180119752884, 0.9877651929855347, 1.6634846925735474
0.0, -3.0, 2.0
0.05781754106283188, 0.817642331123352, 1.6304881572723389
0.0, -3.0, 2.0
0.0916544497013092, 0.4638252854347229, 1.7610619068145752
0.0, -3.0, 2.0
0.05942024663090706, 0.6669911742210388, 1.4267102479934692
0.0, -3.0, 2.0
0.17309284210205078, -0.19946211576461792, 3.4839303493499756
0.0, -3.0, 2.0
0.07620570063591003, 0.3430004417896271, 3.740945339202881
0.0, -3.0, 2.0
0.15453395247459412, 1.1853668689727783, 2.9902005195617676
0.0, -3.0, 2.0
0.13225752115249634, 0.16398534178733826, 3.6056110858917236
0.0, -3.0, 2.0
0.08247508853673935, 0.6244366765022278, 1.789937138557434
0.0, -3.0, 2.0
0.0778501033782959, 2.1447856426239014, 2.5183167457580566
0.0, -3.0, 2.0
0.1804465800523758, -0.2934455871582031, 3.4603700637817383
0.0, -3.0, 2.0
0.10849025845527649, 0.13659019768238068, 1.8561208248138428
0.0, -3.0, 2.0
0.11660502851009369, 1.4748692512512207, 2.984457492828369
0.0, -3.0, 2.0
0.12463067471981049, -0.11790046840906143, 2.4040403366088867
0.0, -3.0, 2.0
0.12204050272703171, 0.2878931164741516, 3.6122188568115234
0.0, -3.0, 2.0
0.05168301239609718, 0.623010516166687, 3.702664852142334
0.0, -3.0, 2.0
0.02519109658896923, 0.7223365306854248, 3.699007987976074
0.0, -3.0, 2.0
0.06623364239931107, 0.6306837797164917, 1.4769030809402466
0.0, -3.0, 2.0
0.10107149183750153, 0.09937171638011932, 1.5379408597946167
0.0, -3.0, 2.0
0.08273264765739441, 2.331017255783081, 2.298945665359497
0.0, -3.0, 2.0
0.1057250052690506, 1.047832727432251, 3.331725835800171
0.0, -3.0, 2.0
0.18184688687324524, 1.393792986869812, 2.6787500381469727
0.0, -3.0, 2.0
0.0008575776009820402, 0.9581425786018372, 3.6081783771514893
0.0, -3.0, 2.0
0.08204025775194168, 0.8334115147590637, 2.223992347717285
0.0, -3.0, 2.0
0.030828412622213364, 2.5173399448394775, 2.1925852298736572
0.0, -3.0, 2.0
0.06352215260267258, 0.6491920948028564, 3.671079635620117
0.0, -3.0, 2.0
0.105904720723629, 0.1715543121099472, 1.796990990638733
0.0, -3.0, 2.0
-0.0001224556181114167, 0.6799908876419067, 3.7235844135284424
0.0, -3.0, 2.0
0.1089923083782196, 0.3834261894226074, 2.2769596576690674
new trace
!@!name: context points 20.601999282836914
0.0, -3.0, 2.0
0.11088726669549942, 0.22092832624912262, 2.0814313888549805
0.0, -3.0, 2.0
0.025651276111602783, 1.2053570747375488, 1.8918763399124146
0.0, -3.0, 2.0
0.1811007857322693, 0.4051308333873749, 3.2381954193115234
0.0, -3.0, 2.0
0.013673126697540283, 2.356790781021118, 2.3988609313964844
0.0, -3.0, 2.0
0.0029707264620810747, 0.8195371627807617, 3.671095609664917
0.0, -3.0, 2.0
0.10272879153490067, 0.582621693611145, 3.5815486907958984
0.0, -3.0, 2.0
0.0820373147726059, 0.5710440874099731, 1.688355803489685
0.0, -3.0, 2.0
0.10767564922571182, 0.299582302570343, 3.665363311767578
0.0, -3.0, 2.0
0.03987713158130646, 0.969724714756012, 1.628970980644226
0.0, -3.0, 2.0
0.2007276862859726, -0.027437541633844376, 3.259674549102783
0.0, -3.0, 2.0
0.09818638861179352, 0.220992773771286, 1.5966438055038452
0.0, -3.0, 2.0
0.0893089696764946, 0.7456188797950745, 2.258972406387329
0.0, -3.0, 2.0
0.11452645063400269, 0.1799262911081314, 2.1973938941955566
0.0, -3.0, 2.0
0.22271041572093964, 0.7085232138633728, 2.817324638366699
0.0, -3.0, 2.0
0.0005646120989695191, 1.0994246006011963, 3.5326271057128906
0.0, -3.0, 2.0
0.014013460837304592, 1.4981368780136108, 3.2546639442443848
0.0, -3.0, 2.0
0.10773520171642303, 0.43306902050971985, 3.620321273803711
0.0, -3.0, 2.0
0.10937882959842682, 0.3139031231403351, 2.16437029838562
0.0, -3.0, 2.0
0.0620669387280941, 0.8776549100875854, 1.8123457431793213
0.0, -3.0, 2.0
0.11265857517719269, -0.07185398787260056, 1.8158268928527832
0.0, -3.0, 2.0
0.09114294499158859, 0.6038699150085449, 2.000711679458618
0.0, -3.0, 2.0
0.0539485402405262, 0.5396488308906555, 3.7263026237487793
0.0, -3.0, 2.0
0.08745415508747101, 1.5861421823501587, 3.0186212062835693
0.0, -3.0, 2.0
0.10380708426237106, 0.20829826593399048, 1.7670353651046753
0.0, -3.0, 2.0
0.11835765838623047, -0.006990636233240366, 3.7080001831054688
0.0, -3.0, 2.0
0.04623464494943619, 0.9940595626831055, 1.7624776363372803
0.0, -3.0, 2.0
0.11879317462444305, -0.043970540165901184, 2.146435260772705
0.0, -3.0, 2.0
0.09922845661640167, 1.1622987985610962, 3.287367105484009
0.0, -3.0, 2.0
0.09805002808570862, 0.33341455459594727, 3.6873159408569336
0.0, -3.0, 2.0
-0.0024363829288631678, 1.0199308395385742, 1.3058371543884277
0.0, -3.0, 2.0
0.09616950899362564, 0.7039717435836792, 3.5534942150115967
0.0, -3.0, 2.0
0.0523708201944828, 0.7633131742477417, 1.4671599864959717
0.0, -3.0, 2.0
0.10994618386030197, 0.11152093857526779, 3.7093405723571777
0.0, -3.0, 2.0
0.0910089984536171, 0.40110334753990173, 1.6455419063568115
0.0, -3.0, 2.0
0.0862712487578392, 0.49350783228874207, 1.6656675338745117
0.0, -3.0, 2.0
0.11595389246940613, 0.02165156602859497, 3.710031270980835
0.0, -3.0, 2.0
0.17078186571598053, -0.25967350602149963, 3.5116612911224365
0.0, -3.0, 2.0
0.008046151138842106, 1.0053025484085083, 3.582984209060669
0.0, -3.0, 2.0
0.1450836956501007, 1.4065258502960205, 2.888962745666504
0.0, -3.0, 2.0
0.09276271611452103, 0.6989752650260925, 2.2753028869628906
0.0, -3.0, 2.0
0.09898989647626877, 0.24448512494564056, 1.6523377895355225
0.0, -3.0, 2.0
0.057248104363679886, 0.9523605108261108, 1.8684306144714355
0.0, -3.0, 2.0
0.08564051985740662, 0.6531113982200623, 1.9292134046554565
0.0, -3.0, 2.0
0.11859975755214691, -0.07114206254482269, 2.112013816833496
0.0, -3.0, 2.0
0.10532058775424957, 1.416562795639038, 3.081247329711914
0.0, -3.0, 2.0
0.10505428910255432, 0.3756115138530731, 2.0808868408203125
0.0, -3.0, 2.0
0.10994596034288406, 0.3308880925178528, 2.2223732471466064
0.0, -3.0, 2.0
0.09175410121679306, 0.5668320059776306, 1.9472819566726685
0.0, -3.0, 2.0
0.15323707461357117, 0.8118071556091309, 3.220522403717041
0.0, -3.0, 2.0
0.12411314994096756, 1.115511178970337, 3.20269775390625
0.0, -3.0, 2.0
0.15706156194210052, 0.7900611758232117, 3.209324836730957
0.0, -3.0, 2.0
0.10101117938756943, 0.13128024339675903, 1.5729038715362549
0.0, -3.0, 2.0
0.17121517658233643, 0.9563128352165222, 3.0305089950561523
0.0, -3.0, 2.0
0.09337948262691498, 1.1886632442474365, 3.293759346008301
0.0, -3.0, 2.0
0.1449003666639328, 0.023317240178585052, 3.5846009254455566
0.0, -3.0, 2.0
0.1856684535741806, 0.7770112156867981, 3.0358941555023193
0.0, -3.0, 2.0
0.08957281708717346, 0.7069258093833923, 2.1730823516845703
0.0, -3.0, 2.0
0.1046922579407692, 0.2970106601715088, 1.9320131540298462
0.0, -3.0, 2.0
0.08851920813322067, 0.326221227645874, 1.4813694953918457
0.0, -3.0, 2.0
0.11717479676008224, -0.008560708723962307, 2.096189022064209
0.0, -3.0, 2.0
0.11389277875423431, 0.20365065336227417, 3.671172618865967
0.0, -3.0, 2.0
0.0763443186879158, 1.247551679611206, 3.315748691558838
0.0, -3.0, 2.0
0.14725100994110107, -0.3595179319381714, 3.657871723175049
0.0, -3.0, 2.0
0.15270675718784332, 0.8328728675842285, 3.2123608589172363
0.0, -3.0, 2.0
0.15987853705883026, 0.9905216097831726, 3.0804100036621094
0.0, -3.0, 2.0
0.09317494928836823, 0.5449417233467102, 1.9515496492385864
0.0, -3.0, 2.0
0.12207099795341492, -0.11175499111413956, 2.266125202178955
0.0, -3.0, 2.0
0.052665404975414276, 0.8613067865371704, 1.6237449645996094
0.0, -3.0, 2.0
0.09420295059680939, 0.3243166506290436, 1.6212000846862793
0.0, -3.0, 2.0
0.21430091559886932, 0.5493124127388, 2.9515509605407715
0.0, -3.0, 2.0
0.00951195415109396, 1.3228895664215088, 3.388138771057129
0.0, -3.0, 2.0
0.09781552106142044, 0.4245763123035431, 1.8890044689178467
0.0, -3.0, 2.0
0.09976737946271896, 0.2623378336429596, 1.7018097639083862
0.0, -3.0, 2.0
0.08594971895217896, 0.26803791522979736, 3.7382545471191406
0.0, -3.0, 2.0
0.11727648228406906, -0.1415902078151703, 1.989996075630188
0.0, -3.0, 2.0
0.20081952214241028, 1.2317962646484375, 2.667262077331543
0.0, -3.0, 2.0
0.056856803596019745, 2.4945924282073975, 2.1770286560058594
0.0, -3.0, 2.0
0.18788324296474457, 1.121079683303833, 2.823953628540039
0.0, -3.0, 2.0
0.10439921170473099, 0.574506938457489, 3.5784573554992676
0.0, -3.0, 2.0
0.08440537005662918, 0.7702781558036804, 2.1458802223205566
0.0, -3.0, 2.0
0.10885606706142426, 0.010980426333844662, 1.7259607315063477
0.0, -3.0, 2.0
0.07401744276285172, 0.8328537940979004, 3.5653574466705322
0.0, -3.0, 2.0
0.07525092363357544, 0.5347357988357544, 3.685704231262207
0.0, -3.0, 2.0
-0.0024524996988475323, 1.5371525287628174, 3.227536678314209
0.0, -3.0, 2.0
0.14947615563869476, 0.13008782267570496, 3.528892993927002
0.0, -3.0, 2.0
0.06988635659217834, 1.1293905973434448, 3.4131345748901367
0.0, -3.0, 2.0
0.13721846044063568, 0.04621802642941475, 3.616255760192871
0.0, -3.0, 2.0
0.10147393494844437, 0.34588441252708435, 1.887300968170166
0.0, -3.0, 2.0
0.04152568802237511, 0.7208384871482849, 3.6820168495178223
0.0, -3.0, 2.0
0.0012266861740499735, 1.0164158344268799, 3.5783743858337402
0.0, -3.0, 2.0
0.18298710882663727, 1.5223097801208496, 2.5761029720306396
0.0, -3.0, 2.0
0.12170320004224777, 0.2645028531551361, 3.6213176250457764
0.0, -3.0, 2.0
0.026789112016558647, 0.8899068236351013, 3.6276602745056152
0.0, -3.0, 2.0
0.09513607621192932, 0.37265899777412415, 1.7187501192092896
0.0, -3.0, 2.0
0.10979343205690384, 0.1805592030286789, 1.9719247817993164
0.0, -3.0, 2.0
0.10949855297803879, -0.00012545211939141154, 1.7416903972625732
0.0, -3.0, 2.0
0.004853369202464819, 0.7033385634422302, 3.715254306793213
0.0, -3.0, 2.0
0.06303194165229797, 0.9140462279319763, 1.9046449661254883
0.0, -3.0, 2.0
0.10771583765745163, -0.03588330000638962, 1.6334946155548096
0.0, -3.0, 2.0
0.0724836215376854, 1.2465909719467163, 3.328756093978882
0.0, -3.0, 2.0
0.09509382396936417, 1.7273740768432617, 2.8669486045837402
0.0, -3.0, 2.0
0.12647756934165955, 1.127331256866455, 3.183095932006836
0.0, -3.0, 2.0
0.037655748426914215, 0.5758913159370422, 3.736426591873169
0.0, -3.0, 2.0
0.02527729421854019, 1.2044507265090942, 1.8849271535873413
0.0, -3.0, 2.0
-0.004397740121930838, 2.6659343242645264, 2.0261402130126953
0.0, -3.0, 2.0
0.15717123448848724, 0.20021659135818481, 3.4627699851989746
0.0, -3.0, 2.0
0.05096274986863136, 0.5966711640357971, 3.712735652923584
0.0, -3.0, 2.0
0.21932043135166168, 0.5958698391914368, 2.895111083984375
0.0, -3.0, 2.0
0.09551317989826202, 0.672511637210846, 3.5699849128723145
0.0, -3.0, 2.0
0.05316445603966713, 1.3208715915679932, 3.3296918869018555
0.0, -3.0, 2.0
0.10503796488046646, 0.1365681290626526, 1.7188434600830078
0.0, -3.0, 2.0
0.022100554779171944, 0.9768558740615845, 1.4433536529541016
0.0, -3.0, 2.0
0.16940706968307495, 0.5713863372802734, 3.240912437438965
0.0, -3.0, 2.0
0.04449298232793808, 1.6715031862258911, 3.068955421447754
0.0, -3.0, 2.0
0.16587157547473907, 0.1353098601102829, 3.4330623149871826
0.0, -3.0, 2.0
0.16471236944198608, -0.2894378900527954, 3.553339958190918
0.0, -3.0, 2.0
0.09840360283851624, 0.40694865584373474, 1.8791744709014893
0.0, -3.0, 2.0
0.15073896944522858, 0.613730251789093, 3.3338475227355957
0.0, -3.0, 2.0
0.11125466972589493, 0.8931653499603271, 3.3963828086853027
0.0, -3.0, 2.0
0.18387073278427124, -0.1953926682472229, 3.4159998893737793
0.0, -3.0, 2.0
0.1442188024520874, -0.2765674293041229, 3.657374143600464
0.0, -3.0, 2.0
0.17718997597694397, 1.1962578296661377, 2.8444247245788574
0.0, -3.0, 2.0
0.11179635673761368, 0.6720156073570251, 3.5053353309631348
0.0, -3.0, 2.0
0.0342882014811039, 1.0339208841323853, 3.5458195209503174
0.0, -3.0, 2.0
0.03004678711295128, 1.080033302307129, 1.7002015113830566
0.0, -3.0, 2.0
0.14342711865901947, -0.21261842548847198, 3.6485939025878906
0.0, -3.0, 2.0
0.15896861255168915, 0.7542899250984192, 3.2164435386657715
0.0, -3.0, 2.0
0.10795409977436066, 0.013195417821407318, 1.6912314891815186
0.0, -3.0, 2.0
0.07771646976470947, 0.6602351069450378, 3.632002830505371
0.0, -3.0, 2.0
0.13921397924423218, 0.3804631531238556, 3.496551752090454
0.0, -3.0, 2.0
0.21396617591381073, 0.019675418734550476, 3.1546928882598877
0.0, -3.0, 2.0
0.09343541413545609, 0.3871593773365021, 1.6911725997924805
0.0, -3.0, 2.0
0.0772428810596466, 1.2145816087722778, 3.3350706100463867
0.0, -3.0, 2.0
0.15425556898117065, 0.5981777310371399, 3.320591926574707
0.0, -3.0, 2.0
0.15097662806510925, 1.4961485862731934, 2.7877063751220703
0.0, -3.0, 2.0
0.15135613083839417, -0.32505983114242554, 3.6319141387939453
0.0, -3.0, 2.0
0.11821972578763962, -0.11141680181026459, 2.059966802597046
0.0, -3.0, 2.0
0.12342196702957153, -0.028096217662096024, 2.4165916442871094
0.0, -3.0, 2.0
0.09049254655838013, 0.7168759703636169, 3.5678632259368896
0.0, -3.0, 2.0
0.11866157501935959, 0.23917441070079803, 3.642003059387207
0.0, -3.0, 2.0
0.0040336414240300655, 0.5884630084037781, 3.7516074180603027
0.0, -3.0, 2.0
0.10421958565711975, 0.9722467064857483, 3.3829240798950195
0.0, -3.0, 2.0
0.026205839589238167, 0.8473302125930786, 3.647491455078125
0.0, -3.0, 2.0
0.03204850107431412, 1.106972575187683, 1.7766693830490112
0.0, -3.0, 2.0
0.06097118929028511, 1.0302754640579224, 2.123751640319824
0.0, -3.0, 2.0
0.007720288820564747, 0.8432003855705261, 3.6602320671081543
0.0, -3.0, 2.0
0.13257357478141785, -0.15947937965393066, 3.6857552528381348
0.0, -3.0, 2.0
0.04276450350880623, 0.9948521256446838, 1.71261465549469
0.0, -3.0, 2.0
0.08794041723012924, 0.35947185754776, 3.7088589668273926
0.0, -3.0, 2.0
0.03205995634198189, 1.195241093635559, 1.9614145755767822
0.0, -3.0, 2.0
0.11459138989448547, 0.22289900481700897, 2.2681784629821777
0.0, -3.0, 2.0
0.21105831861495972, -0.18036456406116486, 3.2318692207336426
0.0, -3.0, 2.0
0.16265511512756348, 0.1595008820295334, 3.444333553314209
0.0, -3.0, 2.0
0.10289886593818665, 0.08117485791444778, 1.57724928855896
0.0, -3.0, 2.0
0.0965399369597435, 0.3710211217403412, 1.759252905845642
0.0, -3.0, 2.0
0.06091975048184395, 0.7803952097892761, 1.6192737817764282
0.0, -3.0, 2.0
0.0860561802983284, 0.43452346324920654, 3.6910393238067627
0.0, -3.0, 2.0
0.061775751411914825, 2.0271291732788086, 2.6875972747802734
0.0, -3.0, 2.0
0.07811097055673599, 0.7671701312065125, 3.584479808807373
0.0, -3.0, 2.0
0.10040798038244247, 0.2446993887424469, 1.6983532905578613
0.0, -3.0, 2.0
0.10076220333576202, 0.4979788661003113, 2.1388442516326904
0.0, -3.0, 2.0
0.07017607986927032, 0.9034022688865662, 2.0462467670440674
0.0, -3.0, 2.0
0.030453648418188095, 1.181172490119934, 1.9066885709762573
0.0, -3.0, 2.0
0.22815515100955963, -0.09980238974094391, 3.090881824493408
0.0, -3.0, 2.0
0.2157456874847412, 0.2422305941581726, 3.066878318786621
0.0, -3.0, 2.0
0.13809660077095032, 0.8833391070365906, 3.267584800720215
0.0, -3.0, 2.0
0.02661893703043461, 2.4889252185821533, 2.231588363647461
0.0, -3.0, 2.0
0.002221460221335292, 1.2204867601394653, 1.6637890338897705
0.0, -3.0, 2.0
0.1428760439157486, 1.3687134981155396, 2.929154872894287
0.0, -3.0, 2.0
-0.00012568933016154915, 0.7326633334159851, 3.7051448822021484
0.0, -3.0, 2.0
0.10531828552484512, 0.013598737306892872, 1.5900242328643799
0.0, -3.0, 2.0
0.026073843240737915, 1.1737173795700073, 1.8313544988632202
0.0, -3.0, 2.0
0.09295781701803207, 1.3692691326141357, 3.1685962677001953
0.0, -3.0, 2.0
0.1627502143383026, 1.4133493900299072, 2.781834602355957
0.0, -3.0, 2.0
-0.00012125574721721932, 0.6599830985069275, 3.7301695346832275
0.0, -3.0, 2.0
0.15402287244796753, 0.08518873155117035, 3.5177345275878906
0.0, -3.0, 2.0
0.20141273736953735, -0.086402527987957, 3.272045135498047
0.0, -3.0, 2.0
0.05184737220406532, 0.5400010347366333, 3.729382276535034
0.0, -3.0, 2.0
0.00024232541909441352, 1.3649691343307495, 1.9360766410827637
0.0, -3.0, 2.0
0.08486308157444, 1.479397177696228, 3.1150782108306885
0.0, -3.0, 2.0
0.001053225132636726, 1.2911064624786377, 1.7881934642791748
0.0, -3.0, 2.0
0.006767262704670429, 1.7164947986602783, 3.072145938873291
0.0, -3.0, 2.0
0.10437991470098495, 0.7856259346008301, 3.4823834896087646
0.0, -3.0, 2.0
0.11430258303880692, -0.059957027435302734, 1.9041599035263062
0.0, -3.0, 2.0
0.00713000912219286, 1.3010691404342651, 1.8711509704589844
0.0, -3.0, 2.0
0.05399772524833679, 1.0019458532333374, 1.9101762771606445
0.0, -3.0, 2.0
0.020376501604914665, 2.7085986137390137, 1.9651012420654297
0.0, -3.0, 2.0
0.1325857937335968, 1.665148138999939, 2.750014543533325
0.0, -3.0, 2.0
0.11324845999479294, 0.2681215703487396, 2.275031805038452
0.0, -3.0, 2.0
0.03357699513435364, 2.3224642276763916, 2.419847249984741
0.0, -3.0, 2.0
0.13776786625385284, 0.3080761134624481, 3.5308499336242676
0.0, -3.0, 2.0
0.23173384368419647, -0.036690641194581985, 3.0470988750457764
0.0, -3.0, 2.0
0.08372441679239273, 0.35111379623413086, 3.721963882446289
0.0, -3.0, 2.0
0.09121055155992508, 0.8739440441131592, 3.4886467456817627
0.0, -3.0, 2.0
0.013304358348250389, 0.6060254573822021, 3.74440860748291
0.0, -3.0, 2.0
0.22017118334770203, 0.07750756293535233, 3.0929718017578125
0.0, -3.0, 2.0
-0.006145906634628773, 1.5594056844711304, 3.2085437774658203
0.0, -3.0, 2.0
0.01052985992282629, 1.1428595781326294, 1.6020867824554443
0.0, -3.0, 2.0
0.10761329531669617, 1.5076863765716553, 3.000011682510376
0.0, -3.0, 2.0
0.15800783038139343, -0.0352332629263401, 3.530139446258545
new trace
!@!name: reference points
-0.016692490744724467, 5.989834991165095, -2.3750543196749465
0.05731903956200948, 5.963833321502198, -2.376898218257783
0.13070256754213153, 5.843496643241156, -2.385431868911704
0.20265408414980438, 5.630143396371572, -2.400561774737504
0.27238526982876793, 5.326111134635603, -2.422122168546256
0.33913213154671606, 4.934730914680287, -2.4498768290478257
0.40216337330194973, 4.460290800133347, -2.483521668952843
0.4607884083928443, 3.907988880461218, -2.5226880666322717
0.5143649256656146, 3.2838763193469767, -2.566946904831946
0.5623059268426173, 2.594791056564949, -2.6158132721930105
-0.01669249074472367, 6.397743276811612, -1.411150221683581
0.05731903956200955, 6.3703148508782395, -1.4130952981484253
0.1307025675421311, 6.243375092411068, -1.4220972048696852
0.20265408414980438, 6.01831478646627, -1.4380573146127191
0.27238526982876765, 5.69759975237441, -1.4608007642582428
0.3391321315467158, 5.284743827581616, -1.490078370648244
0.40216337330195, 4.784270369131317, -1.5255693607015415
0.4607884083928432, 4.201662694586332, -1.566884885887227
0.5143649256656141, 3.543304005373482, -1.6135722825504168
0.5623059268426189, 2.8164074507662056, -1.6651200314132026
-0.016692490744724345, 6.702687439405189, -0.4098726725049069
0.05731903956200976, 6.674132770179799, -0.41189761608739506
0.1307025675421311, 6.541980716562673, -0.4212691516413476
0.2026540841498048, 6.307679170873222, -0.43788460218233194
0.27238526982876793, 5.973795201871601, -0.4615619245066167
0.33913213154671606, 5.543986929284758, -0.49204170370387557
0.4021633733019503, 5.02296344449392, -0.5289899953745354
0.46078840839284374, 4.4164332165029005, -0.5720019844116049
0.5143649256656135, 3.7310415484648782, -0.620606420260394
0.5623059268426178, 2.974297770010244, -0.6742707800623555
-0.016692490744724623, 6.901326431275464, 0.6178080702420901
0.05731903956200962, 6.871958371151376, 0.6157254453512477
0.13070256754213125, 6.736041914703707, 0.6060869579490307
0.20265408414980451, 6.4950661980297575, 0.5889982098138273
0.2723852698287685, 6.151671413845323, 0.56464642972111
0.3391321315467166, 5.70961988484566, 0.5332984221161623
0.4021633733019503, 5.173754842718093, 0.4952976439351402
0.4607884083928432, 4.549947364434221, 0.4510604416013635
0.5143649256656141, 3.845032047201415, 0.40107148942553117
0.5623059268426184, 3.0667321268357224, 0.34587847938765837
-0.0166924907447236, 6.99148391189051, 1.660632468672763
0.057319039562009344, 6.961624224983565, 1.6585149802543158
0.1307025675421311, 6.823432501802651, 1.6487151427822226
0.20265408414980507, 6.578422806860003, 1.6313403258282704
0.27238526982876765, 6.229279530188007, 1.6065808924124108
0.33913213154671606, 5.779827976462853, 1.574708113335919
0.4021633733019492, 5.234992453970149, 1.5360711950678723
0.46078840839284374, 4.600742322600803, 1.4910934537480718
0.5143649256656141, 3.884026591989257, 1.440267677225218
0.5623059268426184, 3.0926977863540444, 1.3841507259448442
-0.016692490744724276, 6.972172092410521, 2.707175067066539
0.05731903956200941, 6.94214792922765, 2.7050459148751056
0.1307025675421311, 6.803195003825724, 2.695192096904921
0.20265408414980507, 6.556835720646767, 2.6777215741521667
0.2723852698287682, 6.205769256163395, 2.652825758214448
0.3391321315467158, 5.753841985998365, 2.620777414135479
0.40216337330194973, 5.206005343031425, 2.5819276719202193
0.4607884083928432, 4.568261568211055, 2.5367021794630853
0.5143649256656135, 3.8475979484392973, 2.485596439038752
0.5623059268426178, 3.051910262036576, 2.429170378450181
-0.016692490744723704, 6.843602558159624, 3.7459696721355957
0.05731903956200893, 6.81374287125268, 3.743852183717146
0.1307025675421311, 6.675551148071763, 3.734052346245054
0.2026540841498048, 6.430541453129116, 3.7166775292911005
0.2723852698287674, 6.081398176457121, 3.69191809587524
0.3391321315467158, 5.631946622731967, 3.6600453167987492
0.40216337330194973, 5.087111100239262, 3.6214083985307024
0.46078840839284374, 4.452860968869918, 3.5764306572109033
0.5143649256656141, 3.7361452382583717, 3.525604880688051
0.5623059268426178, 2.944816432623158, 3.4694879294076735
-0.0166924907447236, 6.607183950441966, 4.765634979625016
0.057319039562009066, 6.577815890317877, 4.763552354734174
0.1307025675421311, 6.44189943387021, 4.753913867331956
0.2026540841498048, 6.200923717196263, 4.736825119196753
0.27238526982876793, 5.857528933011826, 4.712473339104035
0.33913213154671606, 5.415477404012162, 4.68112533149909
0.4021633733019503, 4.879612361884597, 4.643124553318064
0.46078840839284374, 4.2558048836007245, 4.59888735098429
0.5143649256656135, 3.5508895663679167, 4.548898398808454
0.5623059268426184, 2.772589646002225, 4.493705388770584
-0.016692490744723357, 6.265506533100689, 5.75499927084652
0.05731903956200962, 6.236951863875301, 5.75297432726403
0.1307025675421307, 6.104799810258175, 5.743602791710079
0.20265408414980424, 5.870498264568724, 5.7269873411690915
0.27238526982876765, 5.536614295567102, 5.70331001884481
0.3391321315467155, 5.106806022980262, 5.672830239647549
0.4021633733019503, 4.58578253818942, 5.635881947976887
0.46078840839284374, 3.979252310198402, 5.5928699589398185
0.5143649256656141, 3.2938606421603804, 5.544265523091029
0.5623059268426184, 2.5371168637057453, 5.4906011632890666
-0.016692490744724137, 5.822313812912608, 6.703222812938193
0.05731903956201011, 5.794885386979235, 6.701277736473349
0.13070256754213153, 5.667945628512063, 6.692275829752091
0.20265408414980438, 5.442885322567266, 6.676315720009059
0.27238526982876765, 5.122170288475406, 6.653572270363533
0.33913213154671606, 4.709314363682611, 6.62429466397353
0.40216337330194973, 4.208840905232313, 6.588803673920231
0.4607884083928432, 3.626233230687327, 6.547488148734549
0.5143649256656141, 2.967874541474477, 6.500800752071355
0.5623059268426173, 2.2409779868672004, 6.449253003208572
