!@!title: Time: 12.4010
!@!name: model points
0.0, -3.0, 2.0
-0.004599154926836491, 0.8237664103507996, 1.3456194400787354
0.0, -3.0, 2.0
0.0157775916159153, 0.8158223032951355, 1.3457369804382324
0.0, -3.0, 2.0
0.03577496111392975, 0.7783013582229614, 1.3470768928527832
0.0, -3.0, 2.0
0.05489936098456383, 0.7125105857849121, 1.349683403968811
0.0, -3.0, 2.0
0.0727001279592514, 0.6208433508872986, 1.3535311222076416
0.0, -3.0, 2.0
0.08876793086528778, 0.506416380405426, 1.3587441444396973
0.0, -3.0, 2.0
0.10280227661132812, 0.3732841908931732, 1.3651542663574219
0.0, -3.0, 2.0
0.1145457997918129, 0.2257138043642044, 1.3728935718536377
0.0, -3.0, 2.0
0.12384059280157089, 0.06834724545478821, 1.3819713592529297
0.0, -3.0, 2.0
0.13071326911449432, -0.09419458359479904, 1.3919297456741333
0.0, -3.0, 2.0
-0.005405516363680363, 1.1002885103225708, 1.5430283546447754
0.0, -3.0, 2.0
0.0185480285435915, 1.0906096696853638, 1.5427324771881104
0.0, -3.0, 2.0
0.042077451944351196, 1.0441490411758423, 1.5421801805496216
0.0, -3.0, 2.0
0.06462220847606659, 0.9624783992767334, 1.5414330959320068
0.0, -3.0, 2.0
0.08565592020750046, 0.8483036160469055, 1.5406277179718018
0.0, -3.0, 2.0
0.10475244373083115, 0.7057205438613892, 1.5397388935089111
0.0, -3.0, 2.0
0.1215706467628479, 0.539370059967041, 1.5388331413269043
0.0, -3.0, 2.0
0.1357804387807846, 0.3540937006473541, 1.5382863283157349
0.0, -3.0, 2.0
0.14712409675121307, 0.1554015576839447, 1.5384689569473267
0.0, -3.0, 2.0
0.15552470088005066, -0.05077872425317764, 1.5394548177719116
0.0, -3.0, 2.0
-0.006291940342634916, 1.395662784576416, 1.845505714416504
0.0, -3.0, 2.0
0.0215921588242054, 1.384050726890564, 1.8448376655578613
0.0, -3.0, 2.0
0.0489937923848629, 1.327709674835205, 1.8420875072479248
0.0, -3.0, 2.0
0.07526563853025436, 1.2284706830978394, 1.8373697996139526
0.0, -3.0, 2.0
0.09980326145887375, 1.0896128416061401, 1.8308814764022827
0.0, -3.0, 2.0
0.12220335006713867, 0.9167037606239319, 1.8226970434188843
0.0, -3.0, 2.0
0.14195656776428223, 0.7140703201293945, 1.813275933265686
0.0, -3.0, 2.0
0.15881310403347015, 0.48818105459213257, 1.8028565645217896
0.0, -3.0, 2.0
0.17241257429122925, 0.24504147469997406, 1.791975736618042
0.0, -3.0, 2.0
0.18272048234939575, -0.008351904340088367, 1.7808966636657715
0.0, -3.0, 2.0
-0.007341975811868906, 1.7159479856491089, 2.2717349529266357
0.0, -3.0, 2.0
0.025193622335791588, 1.7018542289733887, 2.270631790161133
0.0, -3.0, 2.0
0.057217638939619064, 1.635526418685913, 2.265326499938965
0.0, -3.0, 2.0
0.08806805312633514, 1.5188623666763306, 2.25596284866333
0.0, -3.0, 2.0
0.11707417666912079, 1.3546229600906372, 2.2426912784576416
0.0, -3.0, 2.0
0.14360441267490387, 1.1473798751831055, 2.225823402404785
0.0, -3.0, 2.0
0.16714663803577423, 0.9034531116485596, 2.205854892730713
0.0, -3.0, 2.0
0.18727946281433105, 0.6299492120742798, 2.18332576751709
0.0, -3.0, 2.0
0.20363356173038483, 0.3345423936843872, 2.1587815284729004
0.0, -3.0, 2.0
0.21610651910305023, 0.025646638125181198, 2.1329286098480225
0.0, -3.0, 2.0
-0.007136143743991852, 1.7063840627670288, 2.709930658340454
0.0, -3.0, 2.0
0.024483030661940575, 1.6921526193618774, 2.708411693572998
0.0, -3.0, 2.0
0.05567784607410431, 1.628739833831787, 2.702334403991699
0.0, -3.0, 2.0
0.08594238758087158, 1.5175526142120361, 2.6918256282806396
0.0, -3.0, 2.0
0.114796943962574, 1.3609819412231445, 2.6770944595336914
0.0, -3.0, 2.0
0.1418130099773407, 1.1624252796173096, 2.658486843109131
0.0, -3.0, 2.0
0.166632741689682, 0.9260488152503967, 2.6364572048187256
0.0, -3.0, 2.0
0.18892084062099457, 0.6562960147857666, 2.6113405227661133
0.0, -3.0, 2.0
0.2084675133228302, 0.35828807950019836, 2.5837278366088867
0.0, -3.0, 2.0
0.22498956322669983, 0.03709021955728531, 2.553825616836548
0.0, -3.0, 2.0
-0.006475560832768679, 1.5409350395202637, 3.050201416015625
0.0, -3.0, 2.0
0.02221663109958172, 1.5279607772827148, 3.0484650135040283
0.0, -3.0, 2.0
0.05052475258708, 1.470173716545105, 3.041861057281494
0.0, -3.0, 2.0
0.077992744743824, 1.3688714504241943, 3.030538558959961
0.0, -3.0, 2.0
0.10420912504196167, 1.2264628410339355, 3.0149178504943848
0.0, -3.0, 2.0
0.1288006752729416, 1.0458953380584717, 2.9953579902648926
0.0, -3.0, 2.0
0.15143796801567078, 0.8306897282600403, 2.9722464084625244
0.0, -3.0, 2.0
0.17181989550590515, 0.5847771763801575, 2.9458916187286377
0.0, -3.0, 2.0
0.18972107768058777, 0.3126325011253357, 2.9168004989624023
0.0, -3.0, 2.0
0.20505449175834656, 0.01892993040382862, 2.885838508605957
0.0, -3.0, 2.0
-0.00588911771774292, 1.3560245037078857, 3.3215794563293457
0.0, -3.0, 2.0
0.020202327519655228, 1.344169020652771, 3.319535732269287
0.0, -3.0, 2.0
0.04592834413051605, 1.291573405265808, 3.3121304512023926
0.0, -3.0, 2.0
0.07086125016212463, 1.1995439529418945, 3.299595832824707
0.0, -3.0, 2.0
0.09460171312093735, 1.0701956748962402, 3.2822346687316895
0.0, -3.0, 2.0
0.11681585013866425, 0.9065878987312317, 3.2607219219207764
0.0, -3.0, 2.0
0.13718324899673462, 0.7119411826133728, 3.2353103160858154
0.0, -3.0, 2.0
0.1554369479417801, 0.4900909960269928, 3.2064309120178223
0.0, -3.0, 2.0
0.17150813341140747, 0.24545784294605255, 3.1755661964416504
0.0, -3.0, 2.0
0.18520276248455048, -0.018175451084971428, 3.142720937728882
0.0, -3.0, 2.0
-0.005419963039457798, 1.1712334156036377, 3.5473761558532715
0.0, -3.0, 2.0
0.01859217695891857, 1.1605112552642822, 3.5451202392578125
0.0, -3.0, 2.0
0.042263228446245193, 1.1129525899887085, 3.537198066711426
0.0, -3.0, 2.0
0.0651906207203865, 1.0296868085861206, 3.5237619876861572
0.0, -3.0, 2.0
0.08699819445610046, 0.9126774072647095, 3.5051352977752686
0.0, -3.0, 2.0
0.10734261572360992, 0.7645505666732788, 3.4816770553588867
0.0, -3.0, 2.0
0.1259460300207138, 0.5886406898498535, 3.4540934562683105
0.0, -3.0, 2.0
0.14258556067943573, 0.3885941207408905, 3.42307186126709
0.0, -3.0, 2.0
0.15709729492664337, 0.16825264692306519, 3.389324188232422
0.0, -3.0, 2.0
0.16930502653121948, -0.06847111135721207, 3.3530125617980957
0.0, -3.0, 2.0
-0.005063394550234079, 0.9905381202697754, 3.74568510055542
0.0, -3.0, 2.0
0.01737002283334732, 0.9809293746948242, 3.7433876991271973
0.0, -3.0, 2.0
0.03948605805635452, 0.9379792809486389, 3.735177993774414
0.0, -3.0, 2.0
0.06090764328837395, 0.8627276420593262, 3.7212448120117188
0.0, -3.0, 2.0
0.08128225803375244, 0.7569490075111389, 3.7019200325012207
0.0, -3.0, 2.0
0.10029961913824081, 0.6230958104133606, 3.6777610778808594
0.0, -3.0, 2.0
0.11768143624067307, 0.46403318643569946, 3.649177074432373
0.0, -3.0, 2.0
0.13322092592716217, 0.28311672806739807, 3.616983652114868
0.0, -3.0, 2.0
0.1467522829771042, 0.08384072035551071, 3.581821918487549
0.0, -3.0, 2.0
0.15812422335147858, -0.13016588985919952, 3.5439939498901367
0.0, -3.0, 2.0
-0.004831781145185232, 0.8169423341751099, 3.9403038024902344
0.0, -3.0, 2.0
0.016577819362282753, 0.8083369731903076, 3.9381442070007324
0.0, -3.0, 2.0
0.037701480090618134, 0.7695755958557129, 3.930403709411621
0.0, -3.0, 2.0
0.05819471925497055, 0.7015058994293213, 3.917189836502075
0.0, -3.0, 2.0
0.07773207873106003, 0.6056153774261475, 3.898766279220581
0.0, -3.0, 2.0
0.09601783007383347, 0.48395490646362305, 3.8755240440368652
0.0, -3.0, 2.0
0.1127999871969223, 0.3390592932701111, 3.8480472564697266
0.0, -3.0, 2.0
0.1278822273015976, 0.17379802465438843, 3.8171191215515137
0.0, -3.0, 2.0
0.1411001980304718, -0.008812636137008667, 3.783294677734375
0.0, -3.0, 2.0
0.15238048136234283, -0.2056889832019806, 3.747696876525879
new trace
!@!name: context points 12.35200023651123
0.0, -3.0, 2.0
0.09010151028633118, 0.7354493737220764, 2.263324499130249
0.0, -3.0, 2.0
0.015311287716031075, 1.0615671873092651, 1.5111604928970337
0.0, -3.0, 2.0
0.12209415435791016, 1.319464921951294, 3.074361801147461
0.0, -3.0, 2.0
0.08429345488548279, 0.6292544007301331, 1.8459323644638062
0.0, -3.0, 2.0
0.12004555016756058, -0.12601709365844727, 2.145814895629883
0.0, -3.0, 2.0
0.1214936226606369, 0.3028068244457245, 2.8345837593078613
0.0, -3.0, 2.0
0.10957729071378708, 0.2912248373031616, 3.6610565185546875
0.0, -3.0, 2.0
0.04650825634598732, 0.9731816053390503, 1.727651596069336
0.0, -3.0, 2.0
0.07682836800813675, 1.268911361694336, 3.299449920654297
0.0, -3.0, 2.0
0.13845311105251312, 1.0210753679275513, 3.1858458518981934
0.0, -3.0, 2.0
0.046207815408706665, 1.291141390800476, 3.3656325340270996
0.0, -3.0, 2.0
0.07350489497184753, 0.7212496995925903, 1.7544347047805786
0.0, -3.0, 2.0
0.08881104737520218, 0.41929927468299866, 3.688218593597412
0.0, -3.0, 2.0
0.04710521176457405, 1.0145472288131714, 3.5356075763702393
0.0, -3.0, 2.0
0.11630883812904358, 0.6514226198196411, 3.494767189025879
0.0, -3.0, 2.0
0.13454066216945648, -0.2946997880935669, 3.7022082805633545
0.0, -3.0, 2.0
-0.0012080306187272072, 1.0714268684387207, 3.5484793186187744
0.0, -3.0, 2.0
0.061353035271167755, 0.884578287601471, 1.8120146989822388
0.0, -3.0, 2.0
0.10337302088737488, 0.09353040903806686, 3.7335076332092285
0.0, -3.0, 2.0
0.09958355128765106, 0.5485476851463318, 2.1981453895568848
0.0, -3.0, 2.0
0.14989934861660004, 0.7740457057952881, 3.2598342895507812
0.0, -3.0, 2.0
0.01072156522423029, 1.3994923830032349, 2.1455163955688477
0.0, -3.0, 2.0
0.11010144650936127, 0.1669343113899231, 1.9666496515274048
0.0, -3.0, 2.0
0.10024743527173996, 0.6085354685783386, 2.3703806400299072
0.0, -3.0, 2.0
0.0784706175327301, 1.721612811088562, 2.9329731464385986
0.0, -3.0, 2.0
0.08913233131170273, 0.7164160013198853, 2.1798877716064453
0.0, -3.0, 2.0
0.10679357498884201, 0.5605714917182922, 2.580728054046631
0.0, -3.0, 2.0
0.10649514943361282, 0.1148470863699913, 1.7477927207946777
0.0, -3.0, 2.0
0.083894282579422, 0.5933027267456055, 1.770938754081726
0.0, -3.0, 2.0
0.12206332385540009, 0.06813976168632507, 2.451397180557251
0.0, -3.0, 2.0
0.1317899227142334, -0.049667686223983765, 3.6652302742004395
0.0, -3.0, 2.0
0.11149995028972626, 0.3220783770084381, 2.283327102661133
0.0, -3.0, 2.0
0.08134319633245468, 0.678782045841217, 1.861163854598999
0.0, -3.0, 2.0
0.05315558612346649, 1.1935949325561523, 2.3823065757751465
0.0, -3.0, 2.0
0.03445158526301384, 1.2608250379562378, 2.1604318618774414
0.0, -3.0, 2.0
0.10975602269172668, 0.5547367930412292, 2.742769241333008
0.0, -3.0, 2.0
0.1090465784072876, 0.03653294965624809, 1.7608975172042847
0.0, -3.0, 2.0
0.014871622435748577, 1.3388522863388062, 2.0503296852111816
0.0, -3.0, 2.0
0.07549227029085159, 0.8509882092475891, 2.066237211227417
0.0, -3.0, 2.0
0.1189449280500412, -0.07606880366802216, 3.7202346324920654
0.0, -3.0, 2.0
0.11711344122886658, 0.04153170809149742, 2.147174835205078
0.0, -3.0, 2.0
0.0035291993990540504, 1.3615771532058716, 3.362351655960083
0.0, -3.0, 2.0
0.09777755290269852, 0.6291717290878296, 2.3104076385498047
0.0, -3.0, 2.0
0.11005988717079163, 0.1899069994688034, 3.6888303756713867
0.0, -3.0, 2.0
0.08227460086345673, 0.8374624848365784, 2.2425851821899414
0.0, -3.0, 2.0
0.08454347401857376, 0.3675295114517212, 1.448974847793579
0.0, -3.0, 2.0
0.0025351301301270723, 1.1171212196350098, 1.4891941547393799
0.0, -3.0, 2.0
0.097349151968956, 0.2231074571609497, 3.72011137008667
0.0, -3.0, 2.0
-0.008099081926047802, 2.0739848613739014, 2.7180755138397217
0.0, -3.0, 2.0
0.006728699430823326, 1.0195375680923462, 3.5758724212646484
0.0, -3.0, 2.0
0.05203922465443611, 1.734595775604248, 2.9961929321289062
0.0, -3.0, 2.0
0.04634955897927284, 0.7226024270057678, 3.674307346343994
0.0, -3.0, 2.0
0.10918270796537399, 0.25161853432655334, 2.0508852005004883
0.0, -3.0, 2.0
0.07835087180137634, 0.6658740639686584, 3.6279187202453613
0.0, -3.0, 2.0
0.10831456631422043, -0.192786306142807, 1.5372381210327148
0.0, -3.0, 2.0
0.07284530252218246, 0.8050316572189331, 1.8989150524139404
0.0, -3.0, 2.0
0.10980327427387238, 0.10141757130622864, 1.8680721521377563
0.0, -3.0, 2.0
0.0556037612259388, 1.445783019065857, 3.2311482429504395
0.0, -3.0, 2.0
0.01402437686920166, 0.8427371382713318, 3.6580612659454346
0.0, -3.0, 2.0
0.004404047504067421, 1.2140306234359741, 3.4626240730285645
0.0, -3.0, 2.0
0.06955954432487488, 1.0394483804702759, 2.391571521759033
0.0, -3.0, 2.0
0.18202607333660126, -0.24750415980815887, 3.4401278495788574
0.0, -3.0, 2.0
0.08717922121286392, 1.6747000217437744, 2.9438347816467285
0.0, -3.0, 2.0
0.0570087768137455, 0.7484605312347412, 3.6448802947998047
0.0, -3.0, 2.0
-0.003349053906276822, 0.534632682800293, 3.766024351119995
0.0, -3.0, 2.0
0.004560892004519701, 1.448192834854126, 2.189995765686035
0.0, -3.0, 2.0
0.0625990480184555, 0.8753503561019897, 1.818211555480957
0.0, -3.0, 2.0
0.0823495164513588, 0.9491310119628906, 2.5856270790100098
0.0, -3.0, 2.0
0.1384354680776596, 1.1055256128311157, 3.1336002349853516
0.0, -3.0, 2.0
0.08894536644220352, 0.6076778769493103, 1.938373327255249
0.0, -3.0, 2.0
0.1231977567076683, 0.040869541466236115, 2.4822511672973633
0.0, -3.0, 2.0
0.12027806788682938, 0.5813562870025635, 3.5078518390655518
0.0, -3.0, 2.0
0.06725938618183136, 1.6182782649993896, 3.058983325958252
0.0, -3.0, 2.0
0.09488163888454437, 0.586202085018158, 2.094611883163452
0.0, -3.0, 2.0
0.09128963202238083, 0.6023596525192261, 3.6142754554748535
0.0, -3.0, 2.0
0.0022715171799063683, 1.0299394130706787, 3.571113109588623
0.0, -3.0, 2.0
0.045729830861091614, 0.47144705057144165, 3.7565393447875977
0.0, -3.0, 2.0
0.07065968215465546, 1.1919803619384766, 3.3708274364471436
0.0, -3.0, 2.0
0.12898270785808563, 0.776384174823761, 3.372894287109375
0.0, -3.0, 2.0
0.06685758382081985, 0.9559657573699951, 2.0861778259277344
0.0, -3.0, 2.0
0.11775803565979004, 0.6682323813438416, 3.480410099029541
0.0, -3.0, 2.0
0.11728327721357346, 0.4278908669948578, 2.870534896850586
0.0, -3.0, 2.0
0.1637430489063263, -0.18150694668293, 3.5348153114318848
0.0, -3.0, 2.0
0.02318844571709633, 0.7841948866844177, 3.6766843795776367
0.0, -3.0, 2.0
0.10280655324459076, 0.660388171672821, 2.651360273361206
0.0, -3.0, 2.0
0.16690689325332642, -0.2925891876220703, 3.5414390563964844
0.0, -3.0, 2.0
0.16595041751861572, -0.14959266781806946, 3.5142955780029297
0.0, -3.0, 2.0
0.08974041789770126, 0.6817313432693481, 3.5860610008239746
0.0, -3.0, 2.0
0.10936012119054794, 0.5355948209762573, 2.6608235836029053
0.0, -3.0, 2.0
0.028496241196990013, 1.0315767526626587, 3.5543336868286133
0.0, -3.0, 2.0
0.0756920799612999, 0.36666664481163025, 3.7358784675598145
0.0, -3.0, 2.0
0.042924392968416214, 1.2341926097869873, 2.2558677196502686
0.0, -3.0, 2.0
0.06126803159713745, 1.1494961977005005, 2.4781432151794434
0.0, -3.0, 2.0
0.15377303957939148, -0.2019393891096115, 3.5945310592651367
0.0, -3.0, 2.0
0.16083315014839172, -0.09793245792388916, 3.530771493911743
0.0, -3.0, 2.0
0.08731656521558762, 0.709272027015686, 2.1002390384674072
0.0, -3.0, 2.0
0.12710347771644592, 0.05098423734307289, 3.660346508026123
0.0, -3.0, 2.0
0.04057911038398743, 1.0424569845199585, 1.7703516483306885
0.0, -3.0, 2.0
0.03429089114069939, 0.9369667768478394, 3.5965209007263184
0.0, -3.0, 2.0
0.10122881084680557, 0.2579699158668518, 1.7446733713150024
0.0, -3.0, 2.0
0.09466759115457535, 1.0378297567367554, 3.3836922645568848
0.0, -3.0, 2.0
0.0966348946094513, 0.38190698623657227, 3.676680088043213
0.0, -3.0, 2.0
0.10106019675731659, 0.05999303609132767, 1.4943785667419434
0.0, -3.0, 2.0
0.11110082268714905, 1.0375102758407593, 3.3139290809631348
0.0, -3.0, 2.0
0.09049876779317856, 0.6303633451461792, 2.0340640544891357
0.0, -3.0, 2.0
0.1172376424074173, 0.05313418060541153, 2.1671786308288574
0.0, -3.0, 2.0
0.14641377329826355, 0.3345811665058136, 3.4753527641296387
0.0, -3.0, 2.0
0.16133596003055573, -0.021838326007127762, 3.5074541568756104
0.0, -3.0, 2.0
0.10861895233392715, -0.18750514090061188, 1.5531837940216064
0.0, -3.0, 2.0
0.003919007256627083, 1.3096861839294434, 1.8551177978515625
0.0, -3.0, 2.0
0.12588989734649658, -0.02268175780773163, 3.6833252906799316
0.0, -3.0, 2.0
0.10908599197864532, 0.12049669027328491, 3.709977149963379
0.0, -3.0, 2.0
0.11715139448642731, 1.3498252630233765, 3.076514720916748
0.0, -3.0, 2.0
0.08195050060749054, 0.8443634510040283, 2.249617576599121
0.0, -3.0, 2.0
0.08896885067224503, 0.5222980976104736, 1.7831231355667114
0.0, -3.0, 2.0
0.13237935304641724, -0.18635401129722595, 2.801290512084961
0.0, -3.0, 2.0
0.12161248177289963, 0.3142441511154175, 3.6052322387695312
0.0, -3.0, 2.0
0.06229538097977638, 1.1630218029022217, 2.560349464416504
0.0, -3.0, 2.0
0.11897346377372742, 0.20168016850948334, 2.4741756916046143
0.0, -3.0, 2.0
0.12815146148204803, -0.07927615195512772, 3.686976909637451
0.0, -3.0, 2.0
0.08257483690977097, 1.57060968875885, 3.049363136291504
0.0, -3.0, 2.0
0.09818963706493378, 0.41696128249168396, 1.8888493776321411
0.0, -3.0, 2.0
0.05398188903927803, 0.6978404521942139, 1.3963755369186401
0.0, -3.0, 2.0
0.02066117338836193, 0.9617383480072021, 1.4074981212615967
0.0, -3.0, 2.0
0.11157447099685669, 0.24769136309623718, 2.156660556793213
0.0, -3.0, 2.0
0.13953673839569092, -0.219534769654274, 3.6677989959716797
0.0, -3.0, 2.0
0.09093616902828217, 0.684866726398468, 2.1705117225646973
0.0, -3.0, 2.0
0.04556310549378395, 0.7166602611541748, 3.6778290271759033
0.0, -3.0, 2.0
0.16467759013175964, -0.31344056129455566, 3.5584707260131836
0.0, -3.0, 2.0
0.085598886013031, 0.527916431427002, 3.660501480102539
0.0, -3.0, 2.0
0.08581610769033432, 1.5092074871063232, 3.0878171920776367
0.0, -3.0, 2.0
0.10544825345277786, -0.06997907161712646, 1.5158007144927979
0.0, -3.0, 2.0
0.08798956125974655, 1.3797483444213867, 3.1800270080566406
0.0, -3.0, 2.0
0.07572674751281738, 0.6312488913536072, 1.648295283317566
0.0, -3.0, 2.0
0.05447221174836159, 0.9236564636230469, 1.7626526355743408
0.0, -3.0, 2.0
0.12592372298240662, 0.16793495416641235, 3.6329822540283203
0.0, -3.0, 2.0
0.17579758167266846, 0.2151893675327301, 3.344536781311035
0.0, -3.0, 2.0
0.11077500134706497, 0.5631141662597656, 2.837510824203491
0.0, -3.0, 2.0
0.09573347866535187, 0.44592365622520447, 1.8559074401855469
0.0, -3.0, 2.0
0.11497572064399719, 0.3973424434661865, 3.604335069656372
0.0, -3.0, 2.0
0.16486282646656036, 0.1024729311466217, 3.449674606323242
0.0, -3.0, 2.0
0.10319666564464569, 0.6185009479522705, 2.5459787845611572
0.0, -3.0, 2.0
0.11851397901773453, 0.16407348215579987, 2.3868327140808105
0.0, -3.0, 2.0
0.15453019738197327, -0.3530258536338806, 3.620922088623047
0.0, -3.0, 2.0
0.07602041214704514, 0.9002501368522644, 2.202547073364258
0.0, -3.0, 2.0
0.1643325388431549, 0.3427368104457855, 3.368516445159912
0.0, -3.0, 2.0
0.09121549129486084, 0.5570021271705627, 1.9114673137664795
0.0, -3.0, 2.0
0.1272929459810257, -0.1477753072977066, 2.533207654953003
0.0, -3.0, 2.0
0.07103720307350159, 0.5759685039520264, 1.4782136678695679
0.0, -3.0, 2.0
0.14599768817424774, -0.3740369975566864, 3.66607403755188
0.0, -3.0, 2.0
0.13841581344604492, -0.38672640919685364, 3.700686454772949
0.0, -3.0, 2.0
0.04434101656079292, 0.8722704648971558, 1.5271501541137695
0.0, -3.0, 2.0
0.09373924881219864, 1.4327363967895508, 3.1175284385681152
0.0, -3.0, 2.0
0.12396904826164246, 0.011373335495591164, 2.4915366172790527
0.0, -3.0, 2.0
0.09057290107011795, 0.8243026733398438, 2.539796829223633
0.0, -3.0, 2.0
0.10864821076393127, -0.20087531208992004, 1.5297825336456299
0.0, -3.0, 2.0
0.0628294050693512, 1.0347660779953003, 2.1816413402557373
0.0, -3.0, 2.0
0.1484476923942566, 0.23325443267822266, 3.500579357147217
0.0, -3.0, 2.0
0.08124133199453354, 0.9301623106002808, 2.473749876022339
0.0, -3.0, 2.0
0.11147428303956985, 0.7259806990623474, 3.4813392162323
0.0, -3.0, 2.0
0.08440729975700378, 1.2706280946731567, 3.272012233734131
0.0, -3.0, 2.0
0.0814916267991066, 0.9503828883171082, 2.552030563354492
0.0, -3.0, 2.0
0.10004531592130661, 0.22646218538284302, 1.6617214679718018
0.0, -3.0, 2.0
0.12073074281215668, -0.02971387468278408, 2.2644546031951904
0.0, -3.0, 2.0
0.1319807916879654, -0.1481228470802307, 2.807839870452881
0.0, -3.0, 2.0
0.03724034130573273, 1.2486982345581055, 2.180281639099121
0.0, -3.0, 2.0
0.0528472401201725, 0.6930896043777466, 1.375760555267334
0.0, -3.0, 2.0
0.0072546531446278095, 0.6381953358650208, 3.7363457679748535
0.0, -3.0, 2.0
0.1549661010503769, 0.29681044816970825, 3.441291332244873
0.0, -3.0, 2.0
0.04040329530835152, 0.5678583383560181, 3.7358570098876953
0.0, -3.0, 2.0
0.06102314591407776, 0.6347145438194275, 3.6816506385803223
0.0, -3.0, 2.0
0.10956154018640518, 0.05190592259168625, 3.72422456741333
0.0, -3.0, 2.0
0.1557338684797287, 0.512458324432373, 3.350318431854248
0.0, -3.0, 2.0
0.08533002436161041, 0.7742882966995239, 2.1868607997894287
0.0, -3.0, 2.0
0.012278408743441105, 1.4588791131973267, 2.3337197303771973
0.0, -3.0, 2.0
0.1404431015253067, -0.30648964643478394, 3.6796975135803223
0.0, -3.0, 2.0
0.16419193148612976, 0.025412464514374733, 3.477212429046631
0.0, -3.0, 2.0
0.06234445050358772, 0.6351153254508972, 1.424513816833496
0.0, -3.0, 2.0
0.09099523723125458, 0.7063108682632446, 2.2243690490722656
0.0, -3.0, 2.0
0.12988987565040588, -0.14395718276500702, 2.6871142387390137
0.0, -3.0, 2.0
0.0895024985074997, 0.7742243409156799, 3.5446081161499023
0.0, -3.0, 2.0
0.10621004551649094, 0.3638724088668823, 2.109689235687256
0.0, -3.0, 2.0
0.06106211990118027, 1.4350725412368774, 3.2253589630126953
0.0, -3.0, 2.0
0.17531800270080566, -0.2161850929260254, 3.4743733406066895
0.0, -3.0, 2.0
0.09759382158517838, 1.3326597213745117, 3.1766879558563232
0.0, -3.0, 2.0
0.08831384778022766, 0.23358330130577087, 3.7409377098083496
0.0, -3.0, 2.0
0.12906363606452942, 0.06995190680027008, 2.886120557785034
0.0, -3.0, 2.0
0.016136180609464645, 1.3865387439727783, 3.3386802673339844
0.0, -3.0, 2.0
0.025949280709028244, 1.1214903593063354, 1.7274563312530518
0.0, -3.0, 2.0
0.09680537134408951, 0.7354915738105774, 2.5625221729278564
0.0, -3.0, 2.0
0.15324978530406952, 0.6783353090286255, 3.2884585857391357
0.0, -3.0, 2.0
0.11627070605754852, 0.3436223268508911, 2.5916945934295654
0.0, -3.0, 2.0
0.12227142602205276, -0.05837646499276161, 2.3222153186798096
0.0, -3.0, 2.0
0.11831549555063248, 0.06635081768035889, 2.2402524948120117
0.0, -3.0, 2.0
0.05576598271727562, 1.1221704483032227, 2.239051580429077
0.0, -3.0, 2.0
0.06460124999284744, 0.9667063355445862, 2.056353807449341
0.0, -3.0, 2.0
0.03451300412416458, 1.3333371877670288, 2.3683977127075195
0.0, -3.0, 2.0
0.08180713653564453, 1.074009895324707, 3.409207344055176
0.0, -3.0, 2.0
0.1575116366147995, -0.160237655043602, 3.5647943019866943
0.0, -3.0, 2.0
0.15936531126499176, 0.0327855721116066, 3.503156900405884
new trace
!@!name: context points 12.449999809265137
0.0, -3.0, 2.0
0.01841091550886631, 1.0465518236160278, 1.516393780708313
0.0, -3.0, 2.0
0.07890191674232483, 0.29306045174598694, 3.747657299041748
0.0, -3.0, 2.0
0.01825307123363018, 1.313084602355957, 2.0345146656036377
0.0, -3.0, 2.0
0.10437005758285522, 0.9592847228050232, 3.3897006511688232
0.0, -3.0, 2.0
0.004536700434982777, 1.1845438480377197, 1.6199519634246826
0.0, -3.0, 2.0
0.08202051371335983, 0.39689013361930847, 3.7130792140960693
0.0, -3.0, 2.0
0.10629118978977203, -0.04172389581799507, 1.572557806968689
0.0, -3.0, 2.0
0.13163717091083527, 0.7461165189743042, 3.3745839595794678
0.0, -3.0, 2.0
0.08776704221963882, 0.6712902784347534, 2.0313844680786133
0.0, -3.0, 2.0
0.03769891336560249, 1.1519321203231812, 3.472034454345703
0.0, -3.0, 2.0
0.09288838505744934, 1.1009026765823364, 3.352142095565796
0.0, -3.0, 2.0
0.08195540308952332, 0.5791864395141602, 3.6519947052001953
0.0, -3.0, 2.0
0.061121292412281036, 1.0873664617538452, 2.2804465293884277
0.0, -3.0, 2.0
0.1062631756067276, 0.40813639760017395, 2.1963067054748535
0.0, -3.0, 2.0
0.034168094396591187, 1.8655390739440918, 2.9068069458007812
0.0, -3.0, 2.0
0.10174236446619034, 0.07565565407276154, 1.532935380935669
0.0, -3.0, 2.0
0.05036918818950653, 1.7728385925292969, 2.96478271484375
0.0, -3.0, 2.0
0.1005098819732666, 0.49523866176605225, 2.1228435039520264
0.0, -3.0, 2.0
0.07667005807161331, 0.5221455693244934, 1.502670407295227
0.0, -3.0, 2.0
0.009459732100367546, 1.3125972747802734, 3.3953404426574707
0.0, -3.0, 2.0
0.049911413341760635, 0.8704538941383362, 1.5988199710845947
0.0, -3.0, 2.0
0.05425307899713516, 1.0673718452453613, 2.062910556793213
0.0, -3.0, 2.0
0.07497803866863251, 0.9866054058074951, 2.4137768745422363
0.0, -3.0, 2.0
0.04028713330626488, 1.3402025699615479, 2.528606653213501
0.0, -3.0, 2.0
0.14483259618282318, 0.07600736618041992, 3.5699427127838135
0.0, -3.0, 2.0
0.11921114474534988, 0.3075854480266571, 2.694568395614624
0.0, -3.0, 2.0
0.10044194757938385, 0.10617437213659286, 1.5259612798690796
0.0, -3.0, 2.0
0.10327433794736862, 0.8048169016838074, 3.4773168563842773
0.0, -3.0, 2.0
0.06131293624639511, 0.39429542422294617, 3.7548365592956543
0.0, -3.0, 2.0
0.15449346601963043, 0.33979302644729614, 3.427928924560547
0.0, -3.0, 2.0
0.015477881766855717, 1.408625602722168, 3.322758674621582
0.0, -3.0, 2.0
0.08572632074356079, 0.6301769018173218, 1.8871145248413086
0.0, -3.0, 2.0
0.04211903735995293, 0.9508747458457947, 1.6262502670288086
0.0, -3.0, 2.0
0.15990930795669556, -0.06686347723007202, 3.5278966426849365
0.0, -3.0, 2.0
0.09620415419340134, 0.3975066840648651, 1.7905759811401367
0.0, -3.0, 2.0
0.05383944883942604, 1.4039896726608276, 3.2672994136810303
0.0, -3.0, 2.0
0.11066533625125885, 0.027662193402647972, 1.8210924863815308
0.0, -3.0, 2.0
0.03087444044649601, 0.8941307663917542, 1.4077937602996826
0.0, -3.0, 2.0
0.03275356814265251, 1.3914766311645508, 2.5202078819274902
0.0, -3.0, 2.0
0.13104985654354095, 0.28933411836624146, 3.5706593990325928
0.0, -3.0, 2.0
0.05078665167093277, 0.754796028137207, 3.6539626121520996
0.0, -3.0, 2.0
0.0015550476964563131, 0.9983088970184326, 3.587820529937744
0.0, -3.0, 2.0
-0.0035745815839618444, 1.0160502195358276, 3.5783486366271973
0.0, -3.0, 2.0
0.11755014955997467, 0.1985524296760559, 2.388054132461548
0.0, -3.0, 2.0
0.08293817192316055, 0.8662006855010986, 2.3453269004821777
0.0, -3.0, 2.0
0.09885657578706741, 0.28838321566581726, 1.709240198135376
0.0, -3.0, 2.0
0.12135116010904312, 0.08594972640275955, 2.434180736541748
0.0, -3.0, 2.0
0.09153062105178833, 0.6521781086921692, 2.117020845413208
0.0, -3.0, 2.0
0.016225550323724747, 1.0817753076553345, 3.537393093109131
0.0, -3.0, 2.0
0.09317652881145477, 0.4427858293056488, 1.771059513092041
0.0, -3.0, 2.0
-0.00040069344686344266, 0.6243037581443787, 3.741337299346924
0.0, -3.0, 2.0
0.10634885728359222, 0.18707509338855743, 1.8354710340499878
0.0, -3.0, 2.0
0.09444025158882141, 0.2387813776731491, 1.5141961574554443
0.0, -3.0, 2.0
0.0908520370721817, 0.38656488060951233, 1.6201483011245728
0.0, -3.0, 2.0
0.062428876757621765, 1.0909031629562378, 3.4573771953582764
0.0, -3.0, 2.0
0.09460318833589554, 0.7539112567901611, 2.509915351867676
0.0, -3.0, 2.0
0.0995100736618042, 0.6951258182525635, 2.577662467956543
0.0, -3.0, 2.0
0.04540838673710823, 1.1460121870040894, 2.0746538639068604
0.0, -3.0, 2.0
0.10764281451702118, 1.0985995531082153, 3.291867256164551
0.0, -3.0, 2.0
0.09593095630407333, 0.5298042297363281, 2.0170481204986572
0.0, -3.0, 2.0
0.03892992064356804, 0.7795489430427551, 3.6620495319366455
0.0, -3.0, 2.0
0.07602200657129288, 0.730843722820282, 1.8285925388336182
0.0, -3.0, 2.0
0.1226724237203598, -0.13673430681228638, 2.280932903289795
0.0, -3.0, 2.0
0.15577739477157593, 0.3680901527404785, 3.40958309173584
0.0, -3.0, 2.0
0.040310923010110855, 1.1110618114471436, 3.4925284385681152
0.0, -3.0, 2.0
0.08232250064611435, 0.8747639060020447, 2.346881866455078
0.0, -3.0, 2.0
0.10799101740121841, 0.34928905963897705, 2.1634681224823
0.0, -3.0, 2.0
-0.002164921723306179, 0.6959285736083984, 3.718104362487793
0.0, -3.0, 2.0
0.04798392578959465, 0.8535027503967285, 3.6155309677124023
0.0, -3.0, 2.0
0.07558444142341614, 0.7667524814605713, 1.8877828121185303
0.0, -3.0, 2.0
0.08913687616586685, 0.3657718300819397, 1.548181414604187
0.0, -3.0, 2.0
0.12734997272491455, -0.07530564814805984, 2.5978169441223145
0.0, -3.0, 2.0
0.11644306778907776, -0.07297250628471375, 1.9990954399108887
0.0, -3.0, 2.0
0.07035945355892181, 0.9428784251213074, 2.1462671756744385
0.0, -3.0, 2.0
0.027015669271349907, 1.3923226594924927, 2.396730422973633
0.0, -3.0, 2.0
0.11531374603509903, 0.016068682074546814, 2.027397871017456
0.0, -3.0, 2.0
0.09938175231218338, 0.5078272819519043, 2.1031999588012695
0.0, -3.0, 2.0
0.14485111832618713, -0.3707655072212219, 3.670772075653076
0.0, -3.0, 2.0
0.012633965350687504, 1.1110283136367798, 1.5674824714660645
0.0, -3.0, 2.0
0.08607396483421326, 0.31314748525619507, 3.726496696472168
0.0, -3.0, 2.0
0.16953156888484955, -0.2952844798564911, 3.5267467498779297
0.0, -3.0, 2.0
0.10212332755327225, 0.031078318133950233, 1.497810959815979
0.0, -3.0, 2.0
0.10393091291189194, 0.19441239535808563, 3.707885265350342
0.0, -3.0, 2.0
0.13494518399238586, 1.0640333890914917, 3.1786069869995117
0.0, -3.0, 2.0
0.1556166112422943, 0.8044653534889221, 3.210346221923828
0.0, -3.0, 2.0
0.020534344017505646, 0.8830568194389343, 1.2966539859771729
0.0, -3.0, 2.0
0.0963050127029419, 0.27491888403892517, 1.612640142440796
0.0, -3.0, 2.0
0.0779297947883606, 0.7592478394508362, 1.9316338300704956
0.0, -3.0, 2.0
0.10929949581623077, 0.42593544721603394, 2.381927490234375
0.0, -3.0, 2.0
0.03014031983911991, 1.0559005737304688, 1.657813310623169
0.0, -3.0, 2.0
0.039009593427181244, 1.0472407341003418, 1.7570347785949707
0.0, -3.0, 2.0
0.10704529285430908, 0.5423281788825989, 3.5811915397644043
0.0, -3.0, 2.0
0.019511453807353973, 1.417647123336792, 2.332963466644287
0.0, -3.0, 2.0
0.055617112666368484, 0.7363681793212891, 3.652656078338623
0.0, -3.0, 2.0
0.08107755333185196, 0.4851144552230835, 1.5365772247314453
0.0, -3.0, 2.0
0.11767782270908356, 0.0710650086402893, 2.212069511413574
0.0, -3.0, 2.0
0.16602535545825958, -0.35020747780799866, 3.558112621307373
0.0, -3.0, 2.0
0.07067043334245682, 1.607142448425293, 3.0581936836242676
0.0, -3.0, 2.0
0.05614156648516655, 0.8038858771324158, 1.5820996761322021
0.0, -3.0, 2.0
0.12969551980495453, 0.6722436547279358, 3.4206979274749756
0.0, -3.0, 2.0
0.14199501276016235, -0.38383549451828003, 3.6853861808776855
0.0, -3.0, 2.0
0.1013999655842781, 0.37338417768478394, 1.9303175210952759
0.0, -3.0, 2.0
0.0001808425149647519, 0.8410019278526306, 3.6621999740600586
0.0, -3.0, 2.0
0.10971551388502121, 0.09754609316587448, 1.8595272302627563
0.0, -3.0, 2.0
0.12433135509490967, 0.3407614529132843, 3.5839734077453613
0.0, -3.0, 2.0
0.10978592932224274, -0.17228668928146362, 1.6126108169555664
0.0, -3.0, 2.0
0.05188614875078201, 0.746374785900116, 3.655489683151245
0.0, -3.0, 2.0
0.07176753133535385, 0.589627206325531, 3.674638271331787
0.0, -3.0, 2.0
0.07557520270347595, 0.4986766576766968, 1.4507091045379639
0.0, -3.0, 2.0
0.06568299233913422, 1.0802034139633179, 2.393240451812744
0.0, -3.0, 2.0
0.11514385044574738, -0.02078048698604107, 1.9814338684082031
0.0, -3.0, 2.0
0.1132793053984642, 0.003232802264392376, 1.9151484966278076
0.0, -3.0, 2.0
0.020945662632584572, 1.2625116109848022, 1.9539706707000732
0.0, -3.0, 2.0
0.0897442027926445, 0.6033327579498291, 3.6189427375793457
0.0, -3.0, 2.0
0.12454212456941605, -0.025811487808823586, 2.483427047729492
0.0, -3.0, 2.0
0.11397755146026611, 0.22392064332962036, 2.238039016723633
0.0, -3.0, 2.0
0.12064787745475769, -0.01876203902065754, 2.2708942890167236
0.0, -3.0, 2.0
0.04192014038562775, 1.8107540607452393, 2.946413993835449
0.0, -3.0, 2.0
0.03506768122315407, 0.8680250644683838, 3.6284584999084473
0.0, -3.0, 2.0
0.06550609320402145, 1.5579514503479004, 3.114851474761963
0.0, -3.0, 2.0
0.02048114687204361, 1.043401837348938, 1.531550407409668
0.0, -3.0, 2.0
0.06448129564523697, 0.8734669089317322, 3.5709447860717773
0.0, -3.0, 2.0
0.12843012809753418, 0.00493147736415267, 2.7526895999908447
0.0, -3.0, 2.0
0.0912715271115303, 0.321826308965683, 1.540804386138916
0.0, -3.0, 2.0
0.12099647521972656, 0.10320324450731277, 2.437669277191162
0.0, -3.0, 2.0
0.07434631139039993, 0.5125477910041809, 1.4478559494018555
0.0, -3.0, 2.0
0.1035035029053688, 0.4294852614402771, 2.1162185668945312
0.0, -3.0, 2.0
0.17301344871520996, 0.3693313002586365, 3.304363250732422
0.0, -3.0, 2.0
0.11136031150817871, 0.37059083580970764, 2.371699810028076
0.0, -3.0, 2.0
0.08532686531543732, 1.2785216569900513, 3.2631545066833496
0.0, -3.0, 2.0
0.08245686441659927, 1.5919959545135498, 3.0319042205810547
0.0, -3.0, 2.0
0.12857653200626373, -0.13046206533908844, 2.6209564208984375
0.0, -3.0, 2.0
0.12281138449907303, -0.1423250138759613, 2.2847201824188232
0.0, -3.0, 2.0
0.06305892020463943, 1.699073076248169, 3.000356674194336
0.0, -3.0, 2.0
0.0924614891409874, 0.4750339984893799, 1.8033607006072998
0.0, -3.0, 2.0
0.06251046806573868, 1.0699498653411865, 3.469622850418091
0.0, -3.0, 2.0
0.12992443144321442, 0.5062978863716125, 3.4935836791992188
0.0, -3.0, 2.0
0.1827082633972168, -0.20194166898727417, 3.4249777793884277
0.0, -3.0, 2.0
0.10172280669212341, 0.17700065672397614, 1.6523463726043701
0.0, -3.0, 2.0
0.11537974327802658, 0.2981119751930237, 2.4452598094940186
0.0, -3.0, 2.0
0.12169001996517181, -0.14827768504619598, 2.219316244125366
0.0, -3.0, 2.0
0.10864139348268509, 0.26766708493232727, 2.052197217941284
0.0, -3.0, 2.0
0.0653798058629036, 0.9081020951271057, 3.5512776374816895
0.0, -3.0, 2.0
0.14170020818710327, 0.4577334225177765, 3.4527032375335693
0.0, -3.0, 2.0
0.14955861866474152, -0.337923526763916, 3.6431069374084473
0.0, -3.0, 2.0
0.06483882665634155, 1.0035525560379028, 2.1526873111724854
0.0, -3.0, 2.0
0.04166033864021301, 1.2971577644348145, 3.37015962600708
0.0, -3.0, 2.0
0.08220233768224716, 0.2704683542251587, 3.7460551261901855
0.0, -3.0, 2.0
0.10352619737386703, 0.0312579870223999, 1.544680118560791
0.0, -3.0, 2.0
0.049339570105075836, 1.187312126159668, 3.4284090995788574
0.0, -3.0, 2.0
0.0014433853793889284, 1.3253966569900513, 3.3883166313171387
0.0, -3.0, 2.0
0.019191831350326538, 0.8197494149208069, 3.664900302886963
0.0, -3.0, 2.0
0.11240936815738678, 0.3641209304332733, 2.4144275188446045
0.0, -3.0, 2.0
0.09520167857408524, 0.5619783997535706, 2.05558180809021
0.0, -3.0, 2.0
0.09790804982185364, 0.6217730045318604, 2.2977442741394043
0.0, -3.0, 2.0
0.061065200716257095, 1.0755201578140259, 2.2455289363861084
0.0, -3.0, 2.0
0.06160099804401398, 0.7513601183891296, 3.6339809894561768
0.0, -3.0, 2.0
0.08028767257928848, 0.9407820701599121, 2.469609022140503
0.0, -3.0, 2.0
0.08147764205932617, 0.9670568704605103, 3.4724111557006836
0.0, -3.0, 2.0
0.030709145590662956, 0.9450916051864624, 1.481652021408081
0.0, -3.0, 2.0
0.0763489231467247, 0.5439159274101257, 1.5275459289550781
0.0, -3.0, 2.0
0.10723686218261719, 0.17645962536334991, 1.856898307800293
0.0, -3.0, 2.0
0.13833308219909668, -0.011190870776772499, 3.626213550567627
0.0, -3.0, 2.0
0.0721595287322998, 0.7396023869514465, 1.7586677074432373
0.0, -3.0, 2.0
0.1005735695362091, 0.36619019508361816, 1.8877612352371216
0.0, -3.0, 2.0
0.1320710927248001, -0.17040854692459106, 2.7951226234436035
0.0, -3.0, 2.0
0.05150069668889046, 1.2507624626159668, 2.526127815246582
0.0, -3.0, 2.0
0.006070502568036318, 1.3668320178985596, 2.005669593811035
0.0, -3.0, 2.0
0.14490483701229095, -0.040995702147483826, 3.6017637252807617
0.0, -3.0, 2.0
0.12912900745868683, -0.13104841113090515, 2.652862071990967
0.0, -3.0, 2.0
0.07308905571699142, 0.9110007882118225, 2.1429450511932373
0.0, -3.0, 2.0
0.08620456606149673, 0.729278028011322, 3.576620578765869
0.0, -3.0, 2.0
0.15589748322963715, 0.5412831902503967, 3.3366894721984863
0.0, -3.0, 2.0
0.018314000219106674, 0.9653719663619995, 1.3916277885437012
0.0, -3.0, 2.0
0.06330028176307678, 1.0771493911743164, 2.3120176792144775
0.0, -3.0, 2.0
0.11059954762458801, -0.004561350215226412, 1.784843921661377
0.0, -3.0, 2.0
0.12297305464744568, 0.634138286113739, 3.4716410636901855
0.0, -3.0, 2.0
0.147203266620636, -0.20778881013393402, 3.629383087158203
0.0, -3.0, 2.0
0.12130000442266464, 0.2680186331272125, 2.7432971000671387
0.0, -3.0, 2.0
0.09415300190448761, 0.6628110408782959, 2.2412221431732178
0.0, -3.0, 2.0
0.1312032788991928, -0.16034004092216492, 3.6914961338043213
0.0, -3.0, 2.0
0.017131850123405457, 0.932744562625885, 1.3351566791534424
0.0, -3.0, 2.0
0.07899102568626404, 0.9708879590034485, 2.516777515411377
0.0, -3.0, 2.0
0.1177353784441948, 0.19868195056915283, 2.39862060546875
0.0, -3.0, 2.0
0.11950591206550598, 0.34037232398986816, 2.790250062942505
0.0, -3.0, 2.0
0.06366529315710068, 0.46271422505378723, 3.7328007221221924
0.0, -3.0, 2.0
-0.0002272415440529585, 1.8555575609207153, 2.942471504211426
0.0, -3.0, 2.0
0.04464646801352501, 0.9936251640319824, 1.7376998662948608
0.0, -3.0, 2.0
0.10392727702856064, 0.4335184097290039, 2.142303228378296
0.0, -3.0, 2.0
0.12237128615379333, 1.0511382818222046, 3.251753330230713
0.0, -3.0, 2.0
0.1169554591178894, 0.05815460532903671, 2.1584246158599854
0.0, -3.0, 2.0
0.06965910643339157, 0.8303837776184082, 3.578554630279541
0.0, -3.0, 2.0
0.08410346508026123, 1.3463491201400757, 3.2190675735473633
0.0, -3.0, 2.0
0.017670702189207077, 0.5581057071685791, 3.756199598312378
0.0, -3.0, 2.0
0.11786874383687973, 0.3475043773651123, 2.6999597549438477
0.0, -3.0, 2.0
0.07570362836122513, 0.39549851417541504, 3.728034019470215
0.0, -3.0, 2.0
0.08775713294744492, 0.6128868460655212, 1.9126737117767334
0.0, -3.0, 2.0
0.16235747933387756, 0.7103842496871948, 3.2181127071380615
0.0, -3.0, 2.0
0.11568521708250046, 0.34072762727737427, 2.5503764152526855
0.0, -3.0, 2.0
0.1808430701494217, -0.16508804261684418, 3.427591323852539
new trace
!@!name: reference points
-0.016692490744724467, 5.989834991165095, -2.3750543196749465
0.05731903956200948, 5.963833321502198, -2.376898218257783
0.13070256754213153, 5.843496643241156, -2.385431868911704
0.20265408414980438, 5.630143396371572, -2.400561774737504
0.27238526982876793, 5.326111134635603, -2.422122168546256
0.33913213154671606, 4.934730914680287, -2.4498768290478257
0.40216337330194973, 4.460290800133347, -2.483521668952843
0.4607884083928443, 3.907988880461218, -2.5226880666322717
0.5143649256656146, 3.2838763193469767, -2.566946904831946
0.5623059268426173, 2.594791056564949, -2.6158132721930105
-0.01669249074472367, 6.397743276811612, -1.411150221683581
0.05731903956200955, 6.3703148508782395, -1.4130952981484253
0.1307025675421311, 6.243375092411068, -1.4220972048696852
0.20265408414980438, 6.01831478646627, -1.4380573146127191
0.27238526982876765, 5.69759975237441, -1.4608007642582428
0.3391321315467158, 5.284743827581616, -1.490078370648244
0.40216337330195, 4.784270369131317, -1.5255693607015415
0.4607884083928432, 4.201662694586332, -1.566884885887227
0.5143649256656141, 3.543304005373482, -1.6135722825504168
0.5623059268426189, 2.8164074507662056, -1.6651200314132026
-0.016692490744724345, 6.702687439405189, -0.4098726725049069
0.05731903956200976, 6.674132770179799, -0.41189761608739506
0.1307025675421311, 6.541980716562673, -0.4212691516413476
0.2026540841498048, 6.307679170873222, -0.43788460218233194
0.27238526982876793, 5.973795201871601, -0.4615619245066167
0.33913213154671606, 5.543986929284758, -0.49204170370387557
0.4021633733019503, 5.02296344449392, -0.5289899953745354
0.46078840839284374, 4.4164332165029005, -0.5720019844116049
0.5143649256656135, 3.7310415484648782, -0.620606420260394
0.5623059268426178, 2.974297770010244, -0.6742707800623555
-0.016692490744724623, 6.901326431275464, 0.6178080702420901
0.05731903956200962, 6.871958371151376, 0.6157254453512477
0.13070256754213125, 6.736041914703707, 0.6060869579490307
0.20265408414980451, 6.4950661980297575, 0.5889982098138273
0.2723852698287685, 6.151671413845323, 0.56464642972111
0.3391321315467166, 5.70961988484566, 0.5332984221161623
0.4021633733019503, 5.173754842718093, 0.4952976439351402
0.4607884083928432, 4.549947364434221, 0.4510604416013635
0.5143649256656141, 3.845032047201415, 0.40107148942553117
0.5623059268426184, 3.0667321268357224, 0.34587847938765837
-0.0166924907447236, 6.99148391189051, 1.660632468672763
0.057319039562009344, 6.961624224983565, 1.6585149802543158
0.1307025675421311, 6.823432501802651, 1.6487151427822226
0.20265408414980507, 6.578422806860003, 1.6313403258282704
0.27238526982876765, 6.229279530188007, 1.6065808924124108
0.33913213154671606, 5.779827976462853, 1.574708113335919
0.4021633733019492, 5.234992453970149, 1.5360711950678723
0.46078840839284374, 4.600742322600803, 1.4910934537480718
0.5143649256656141, 3.884026591989257, 1.440267677225218
0.5623059268426184, 3.0926977863540444, 1.3841507259448442
-0.016692490744724276, 6.972172092410521, 2.707175067066539
0.05731903956200941, 6.94214792922765, 2.7050459148751056
0.1307025675421311, 6.803195003825724, 2.695192096904921
0.20265408414980507, 6.556835720646767, 2.6777215741521667
0.2723852698287682, 6.205769256163395, 2.652825758214448
0.3391321315467158, 5.753841985998365, 2.620777414135479
0.40216337330194973, 5.206005343031425, 2.5819276719202193
0.4607884083928432, 4.568261568211055, 2.5367021794630853
0.5143649256656135, 3.8475979484392973, 2.485596439038752
0.5623059268426178, 3.051910262036576, 2.429170378450181
-0.016692490744723704, 6.843602558159624, 3.7459696721355957
0.05731903956200893, 6.81374287125268, 3.743852183717146
0.1307025675421311, 6.675551148071763, 3.734052346245054
0.2026540841498048, 6.430541453129116, 3.7166775292911005
0.2723852698287674, 6.081398176457121, 3.69191809587524
0.3391321315467158, 5.631946622731967, 3.6600453167987492
0.40216337330194973, 5.087111100239262, 3.6214083985307024
0.46078840839284374, 4.452860968869918, 3.5764306572109033
0.5143649256656141, 3.7361452382583717, 3.525604880688051
0.5623059268426178, 2.944816432623158, 3.4694879294076735
-0.0166924907447236, 6.607183950441966, 4.765634979625016
0.057319039562009066, 6.577815890317877, 4.763552354734174
0.1307025675421311, 6.44189943387021, 4.753913867331956
0.2026540841498048, 6.200923717196263, 4.736825119196753
0.27238526982876793, 5.857528933011826, 4.712473339104035
0.33913213154671606, 5.415477404012162, 4.68112533149909
0.4021633733019503, 4.879612361884597, 4.643124553318064
0.46078840839284374, 4.2558048836007245, 4.59888735098429
0.5143649256656135, 3.5508895663679167, 4.548898398808454
0.5623059268426184, 2.772589646002225, 4.493705388770584
-0.016692490744723357, 6.265506533100689, 5.75499927084652
0.05731903956200962, 6.236951863875301, 5.75297432726403
0.1307025675421307, 6.104799810258175, 5.743602791710079
0.20265408414980424, 5.870498264568724, 5.7269873411690915
0.27238526982876765, 5.536614295567102, 5.70331001884481
0.3391321315467155, 5.106806022980262, 5.672830239647549
0.4021633733019503, 4.58578253818942, 5.635881947976887
0.46078840839284374, 3.979252310198402, 5.5928699589398185
0.5143649256656141, 3.2938606421603804, 5.544265523091029
0.5623059268426184, 2.5371168637057453, 5.4906011632890666
-0.016692490744724137, 5.822313812912608, 6.703222812938193
0.05731903956201011, 5.794885386979235, 6.701277736473349
0.13070256754213153, 5.667945628512063, 6.692275829752091
0.20265408414980438, 5.442885322567266, 6.676315720009059
0.27238526982876765, 5.122170288475406, 6.653572270363533
0.33913213154671606, 4.709314363682611, 6.62429466397353
0.40216337330194973, 4.208840905232313, 6.588803673920231
0.4607884083928432, 3.626233230687327, 6.547488148734549
0.5143649256656141, 2.967874541474477, 6.500800752071355
0.5623059268426173, 2.2409779868672004, 6.449253003208572
