!@!title: Time: 17.7000
!@!name: model points
0.0, -3.0, 2.0
-0.0053692590445280075, 0.9617017507553101, 1.2360467910766602
0.0, -3.0, 2.0
0.0184169914573431, 0.9522994160652161, 1.2362866401672363
0.0, -3.0, 2.0
0.0417848564684391, 0.9090495109558105, 1.2373912334442139
0.0, -3.0, 2.0
0.06421112269163132, 0.8333631753921509, 1.2393798828125
0.0, -3.0, 2.0
0.08520476520061493, 0.7276302576065063, 1.2423365116119385
0.0, -3.0, 2.0
0.10430877655744553, 0.5950760841369629, 1.2464776039123535
0.0, -3.0, 2.0
0.12121713161468506, 0.4401501417160034, 1.2514351606369019
0.0, -3.0, 2.0
0.13569915294647217, 0.2673967182636261, 1.2570849657058716
0.0, -3.0, 2.0
0.14751285314559937, 0.08141189068555832, 1.2638345956802368
0.0, -3.0, 2.0
0.15655887126922607, -0.11281944066286087, 1.2716975212097168
0.0, -3.0, 2.0
-0.00612121494486928, 1.2459684610366821, 1.4825246334075928
0.0, -3.0, 2.0
0.020997246727347374, 1.2346217632293701, 1.482351541519165
0.0, -3.0, 2.0
0.04765218496322632, 1.1824856996536255, 1.4815248250961304
0.0, -3.0, 2.0
0.07326123863458633, 1.0911474227905273, 1.480129599571228
0.0, -3.0, 2.0
0.09728021919727325, 0.9634262323379517, 1.4782867431640625
0.0, -3.0, 2.0
0.11921916902065277, 0.8031832575798035, 1.4761749505996704
0.0, -3.0, 2.0
0.13867327570915222, 0.6152489185333252, 1.4739558696746826
0.0, -3.0, 2.0
0.15534038841724396, 0.40510293841362, 1.4717738628387451
0.0, -3.0, 2.0
0.16907113790512085, 0.17858336865901947, 1.469620704650879
0.0, -3.0, 2.0
0.179691344499588, -0.05866912007331848, 1.4678916931152344
0.0, -3.0, 2.0
-0.007103275042027235, 1.5756309032440186, 1.8255839347839355
0.0, -3.0, 2.0
0.024366585537791252, 1.5618906021118164, 1.8249003887176514
0.0, -3.0, 2.0
0.055300988256931305, 1.4986318349838257, 1.8217586278915405
0.0, -3.0, 2.0
0.08502763509750366, 1.3878039121627808, 1.8162766695022583
0.0, -3.0, 2.0
0.11290822923183441, 1.2326877117156982, 1.808674931526184
0.0, -3.0, 2.0
0.13836829364299774, 1.0379644632339478, 1.7992435693740845
0.0, -3.0, 2.0
0.1609649509191513, 0.8096864223480225, 1.7882729768753052
0.0, -3.0, 2.0
0.1803947389125824, 0.5545216202735901, 1.7760660648345947
0.0, -3.0, 2.0
0.19641292095184326, 0.279151976108551, 1.7630181312561035
0.0, -3.0, 2.0
0.20896364748477936, -0.00955144315958023, 1.7494280338287354
0.0, -3.0, 2.0
-0.007929393090307713, 1.8532376289367676, 2.293475866317749
0.0, -3.0, 2.0
0.027201393619179726, 1.8374812602996826, 2.2921993732452393
0.0, -3.0, 2.0
0.06181185692548752, 1.7668489217758179, 2.286630630493164
0.0, -3.0, 2.0
0.09527314454317093, 1.6431248188018799, 2.2769038677215576
0.0, -3.0, 2.0
0.12699387967586517, 1.4694002866744995, 2.263254404067993
0.0, -3.0, 2.0
0.15642578899860382, 1.2498209476470947, 2.245985507965088
0.0, -3.0, 2.0
0.1830414980649948, 0.9893673062324524, 2.225430727005005
0.0, -3.0, 2.0
0.2063949555158615, 0.6942477226257324, 2.2020375728607178
0.0, -3.0, 2.0
0.22615043818950653, 0.3715346157550812, 2.1763389110565186
0.0, -3.0, 2.0
0.2420188933610916, 0.02872181311249733, 2.148867607116699
0.0, -3.0, 2.0
-0.007395122200250626, 1.7683106660842896, 2.7356948852539062
0.0, -3.0, 2.0
0.025366170331835747, 1.7531911134719849, 2.7339651584625244
0.0, -3.0, 2.0
0.05765987187623978, 1.6867198944091797, 2.7273361682891846
0.0, -3.0, 2.0
0.08894243836402893, 1.5705268383026123, 2.715975761413574
0.0, -3.0, 2.0
0.11869294196367264, 1.4071711301803589, 2.700073719024658
0.0, -3.0, 2.0
0.1464497596025467, 1.200432300567627, 2.6800169944763184
0.0, -3.0, 2.0
0.17185544967651367, 0.9550736546516418, 2.656405448913574
0.0, -3.0, 2.0
0.19464118778705597, 0.6761680841445923, 2.6298513412475586
0.0, -3.0, 2.0
0.21449503302574158, 0.36864742636680603, 2.6006052494049072
0.0, -3.0, 2.0
0.23117990791797638, 0.03811071813106537, 2.569063663482666
0.0, -3.0, 2.0
-0.006802800111472607, 1.6188052892684937, 3.1032726764678955
0.0, -3.0, 2.0
0.023330729454755783, 1.6045833826065063, 3.1010422706604004
0.0, -3.0, 2.0
0.05301184579730034, 1.5425434112548828, 3.093146800994873
0.0, -3.0, 2.0
0.08171506226062775, 1.434202790260315, 3.0797226428985596
0.0, -3.0, 2.0
0.10895109176635742, 1.2822721004486084, 3.061100959777832
0.0, -3.0, 2.0
0.13429853320121765, 1.0905392169952393, 3.0378448963165283
0.0, -3.0, 2.0
0.15736135840415955, 0.8631816506385803, 3.01027512550354
0.0, -3.0, 2.0
0.17780858278274536, 0.6051592826843262, 2.9788601398468018
0.0, -3.0, 2.0
0.19546347856521606, 0.3220950961112976, 2.944549798965454
0.0, -3.0, 2.0
0.21020565927028656, 0.019405469298362732, 2.9080917835235596
0.0, -3.0, 2.0
-0.0062033128924667835, 1.4283709526062012, 3.3920884132385254
0.0, -3.0, 2.0
0.02127419412136078, 1.4154859781265259, 3.3895459175109863
0.0, -3.0, 2.0
0.04832473769783974, 1.3589636087417603, 3.3805932998657227
0.0, -3.0, 2.0
0.07444833964109421, 1.2602664232254028, 3.3653831481933594
0.0, -3.0, 2.0
0.09917451441287994, 1.1219260692596436, 3.34421443939209
0.0, -3.0, 2.0
0.12208297103643417, 0.9474651217460632, 3.3175668716430664
0.0, -3.0, 2.0
0.1428094506263733, 0.7411394715309143, 3.285973072052002
0.0, -3.0, 2.0
0.16116225719451904, 0.5081428289413452, 3.250868320465088
0.0, -3.0, 2.0
0.17691533267498016, 0.25319647789001465, 3.2126286029815674
0.0, -3.0, 2.0
0.18988750874996185, -0.018635204061865807, 3.171626329421997
0.0, -3.0, 2.0
-0.0057009132578969, 1.2319457530975342, 3.6275863647460938
0.0, -3.0, 2.0
0.019549479708075523, 1.22026526927948, 3.6246776580810547
0.0, -3.0, 2.0
0.04439627751708031, 1.1691240072250366, 3.614781379699707
0.0, -3.0, 2.0
0.06837055832147598, 1.079913854598999, 3.5980894565582275
0.0, -3.0, 2.0
0.09104058146476746, 0.9550850987434387, 3.5750718116760254
0.0, -3.0, 2.0
0.11202870309352875, 0.7979273200035095, 3.5463600158691406
0.0, -3.0, 2.0
0.13097551465034485, 0.6121472120285034, 3.512160539627075
0.0, -3.0, 2.0
0.1476777344942093, 0.40247201919555664, 3.4738941192626953
0.0, -3.0, 2.0
0.16194386780261993, 0.17344336211681366, 3.4321858882904053
0.0, -3.0, 2.0
0.17368163168430328, -0.07024111598730087, 3.387988328933716
0.0, -3.0, 2.0
-0.005280088167637587, 1.0329293012619019, 3.8203935623168945
0.0, -3.0, 2.0
0.018107764422893524, 1.022591471672058, 3.8174328804016113
0.0, -3.0, 2.0
0.041129421442747116, 0.9770168662071228, 3.807394027709961
0.0, -3.0, 2.0
0.06336478143930435, 0.8975318074226379, 3.7906832695007324
0.0, -3.0, 2.0
0.08442293107509613, 0.786196768283844, 3.7676806449890137
0.0, -3.0, 2.0
0.10398393869400024, 0.6459841132164001, 3.7393903732299805
0.0, -3.0, 2.0
0.12176541239023209, 0.4801368713378906, 3.7064096927642822
0.0, -3.0, 2.0
0.13755033910274506, 0.2923174500465393, 3.669532299041748
0.0, -3.0, 2.0
0.15115860104560852, 0.08635809272527695, 3.629317045211792
0.0, -3.0, 2.0
0.16252832114696503, -0.13379128277301788, 3.5869975090026855
0.0, -3.0, 2.0
-0.005047906655818224, 0.8534841537475586, 4.027093887329102
0.0, -3.0, 2.0
0.01731661893427372, 0.8443609476089478, 4.024518966674805
0.0, -3.0, 2.0
0.0393657311797142, 0.8035469055175781, 4.015617370605469
0.0, -3.0, 2.0
0.06072339415550232, 0.731987714767456, 4.000495433807373
0.0, -3.0, 2.0
0.0810428112745285, 0.6314095258712769, 3.979637861251831
0.0, -3.0, 2.0
0.10002227127552032, 0.5041383504867554, 3.9537429809570312
0.0, -3.0, 2.0
0.11737751215696335, 0.3528186082839966, 3.9230427742004395
0.0, -3.0, 2.0
0.13289491832256317, 0.1806105077266693, 3.888345956802368
0.0, -3.0, 2.0
0.1463969498872757, -0.00914345309138298, 3.8502378463745117
0.0, -3.0, 2.0
0.15778648853302002, -0.21298621594905853, 3.8097000122070312
new trace
!@!name: context points 17.649999618530273
0.0, -3.0, 2.0
0.0993613451719284, 0.20973987877368927, 3.717740297317505
0.0, -3.0, 2.0
0.14690294861793518, -0.39216187596321106, 3.6647887229919434
0.0, -3.0, 2.0
0.1017678752541542, 0.13327617943286896, 1.5998457670211792
0.0, -3.0, 2.0
0.02356763556599617, 1.041528344154358, 1.5598888397216797
0.0, -3.0, 2.0
0.09954831004142761, 0.5097744464874268, 2.1138360500335693
0.0, -3.0, 2.0
0.05860177427530289, 1.1198761463165283, 2.3060269355773926
0.0, -3.0, 2.0
0.029957886785268784, 0.5794113278388977, 3.742521286010742
0.0, -3.0, 2.0
0.12678180634975433, -0.0240759439766407, 3.680081844329834
0.0, -3.0, 2.0
0.08162286132574081, 0.43070295453071594, 1.4727171659469604
0.0, -3.0, 2.0
0.08798086643218994, 0.801843523979187, 2.3583037853240967
0.0, -3.0, 2.0
0.09045522660017014, 0.3847801983356476, 3.694357395172119
0.0, -3.0, 2.0
0.10050935298204422, 0.5984211564064026, 2.356943368911743
0.0, -3.0, 2.0
0.08291755616664886, 0.760949432849884, 2.076566219329834
0.0, -3.0, 2.0
0.055269014090299606, 0.946688711643219, 1.8206864595413208
0.0, -3.0, 2.0
0.13798026740550995, -0.1356779783964157, 3.657449245452881
0.0, -3.0, 2.0
0.08764144033193588, 0.6281597018241882, 1.938999891281128
0.0, -3.0, 2.0
0.09599181264638901, 0.6374741196632385, 2.2546255588531494
0.0, -3.0, 2.0
0.17148515582084656, 0.2179115265607834, 3.3706321716308594
0.0, -3.0, 2.0
0.11013501137495041, -0.14475052058696747, 1.645964503288269
0.0, -3.0, 2.0
0.16632530093193054, 0.675630509853363, 3.2108654975891113
0.0, -3.0, 2.0
0.1058763712644577, 0.47491663694381714, 2.3186163902282715
0.0, -3.0, 2.0
0.10304538905620575, 0.5955509543418884, 2.473911762237549
0.0, -3.0, 2.0
0.015055188909173012, 0.5768148303031921, 3.7521514892578125
0.0, -3.0, 2.0
0.18317092955112457, 0.08082946389913559, 3.3425211906433105
0.0, -3.0, 2.0
0.13252326846122742, 0.09735812991857529, 3.6239562034606934
0.0, -3.0, 2.0
0.027169564738869667, 1.7004404067993164, 3.071007490158081
0.0, -3.0, 2.0
0.07722392678260803, 0.7479891777038574, 3.595775842666626
0.0, -3.0, 2.0
0.011943932622671127, 1.8252884149551392, 2.9685020446777344
0.0, -3.0, 2.0
0.07661055028438568, 1.466940999031067, 3.1537282466888428
0.0, -3.0, 2.0
0.06281808018684387, 0.5454421639442444, 3.7091026306152344
0.0, -3.0, 2.0
0.12081622332334518, 0.4499551057815552, 3.559406280517578
0.0, -3.0, 2.0
0.11695678532123566, 0.1360917091369629, 2.2602038383483887
0.0, -3.0, 2.0
0.1091642752289772, -0.1179380863904953, 1.6235336065292358
0.0, -3.0, 2.0
0.07529935985803604, 0.9260908961296082, 3.5142452716827393
0.0, -3.0, 2.0
0.099847711622715, 0.48462486267089844, 3.630514621734619
0.0, -3.0, 2.0
0.09583010524511337, 0.3017599284648895, 1.6357812881469727
0.0, -3.0, 2.0
0.09313865751028061, 0.5697379112243652, 1.9988212585449219
0.0, -3.0, 2.0
0.1740395724773407, -0.2909630835056305, 3.4990344047546387
0.0, -3.0, 2.0
0.15098786354064941, 0.7094510197639465, 3.2863333225250244
0.0, -3.0, 2.0
0.13698698580265045, 0.03163020685315132, 3.621312141418457
0.0, -3.0, 2.0
0.008246587589383125, 1.5014702081680298, 3.2549004554748535
0.0, -3.0, 2.0
0.0949440523982048, 0.44652605056762695, 3.6606245040893555
0.0, -3.0, 2.0
0.002088923240080476, 0.8664593696594238, 3.651054859161377
0.0, -3.0, 2.0
0.09468007832765579, 0.5151949524879456, 1.945377230644226
0.0, -3.0, 2.0
0.05762620270252228, 0.6930086612701416, 3.666196584701538
0.0, -3.0, 2.0
0.006355565041303635, 2.4781243801116943, 2.2575106620788574
0.0, -3.0, 2.0
0.1516440063714981, -0.17804645001888275, 3.6003522872924805
0.0, -3.0, 2.0
0.007443214301019907, 0.9367731809616089, 1.2636744976043701
0.0, -3.0, 2.0
0.11929672956466675, 0.13974164426326752, 3.668393611907959
0.0, -3.0, 2.0
0.041784774512052536, 1.025031566619873, 3.5393147468566895
0.0, -3.0, 2.0
0.10987492650747299, 1.7451417446136475, 2.789055824279785
0.0, -3.0, 2.0
0.09422440826892853, 1.974574327468872, 2.6371378898620605
0.0, -3.0, 2.0
0.09688986092805862, 0.2688436806201935, 1.6214735507965088
0.0, -3.0, 2.0
0.052299413830041885, 1.125441074371338, 2.166029214859009
0.0, -3.0, 2.0
0.17533695697784424, 0.8207417130470276, 3.0798511505126953
0.0, -3.0, 2.0
0.011238154955208302, 1.1322352886199951, 1.5904219150543213
0.0, -3.0, 2.0
0.06755921244621277, 0.8015691041946411, 1.7768099308013916
0.0, -3.0, 2.0
0.12542326748371124, 0.2450765073299408, 3.611361503601074
0.0, -3.0, 2.0
0.15636087954044342, -0.03776967152953148, 3.5400538444519043
0.0, -3.0, 2.0
0.13758809864521027, 0.053042758256196976, 3.6126129627227783
0.0, -3.0, 2.0
0.06886062771081924, 1.4954700469970703, 3.1557512283325195
0.0, -3.0, 2.0
0.07123087346553802, 0.8538408279418945, 1.962059497833252
0.0, -3.0, 2.0
0.02094310149550438, 1.0856406688690186, 3.531649589538574
0.0, -3.0, 2.0
0.05809934809803963, 0.9617985486984253, 1.904393196105957
0.0, -3.0, 2.0
0.15424485504627228, 0.4918611943721771, 3.367924213409424
0.0, -3.0, 2.0
0.10436192899942398, 0.5726256370544434, 2.4808077812194824
0.0, -3.0, 2.0
0.030165381729602814, 1.728684425354004, 3.041597366333008
0.0, -3.0, 2.0
0.07747804373502731, 0.7321727871894836, 1.8661597967147827
0.0, -3.0, 2.0
0.0932738184928894, 0.37866687774658203, 1.6738603115081787
0.0, -3.0, 2.0
0.09138158708810806, 0.9327640533447266, 3.4564924240112305
0.0, -3.0, 2.0
0.10890886932611465, 0.4786430299282074, 2.4836456775665283
0.0, -3.0, 2.0
0.027421854436397552, 0.5808698534965515, 3.7440590858459473
0.0, -3.0, 2.0
0.05799347907304764, 0.8530754446983337, 1.6939094066619873
0.0, -3.0, 2.0
0.03268299251794815, 1.2151888608932495, 2.0169835090637207
0.0, -3.0, 2.0
0.1081264466047287, 0.37476345896720886, 2.217956066131592
0.0, -3.0, 2.0
0.11106240749359131, 0.34973347187042236, 2.314147472381592
0.0, -3.0, 2.0
0.10036101192235947, 0.6061559319496155, 3.5807018280029297
0.0, -3.0, 2.0
0.17830230295658112, -0.2580300569534302, 3.465740203857422
0.0, -3.0, 2.0
0.0854884460568428, 0.5364022254943848, 1.7149410247802734
0.0, -3.0, 2.0
0.0984608456492424, 1.3281378746032715, 3.1763672828674316
0.0, -3.0, 2.0
0.026028389111161232, 1.3967031240463257, 3.321913242340088
0.0, -3.0, 2.0
0.10356208682060242, 0.19028827548027039, 1.733778476715088
0.0, -3.0, 2.0
0.09523314237594604, 0.37935444712638855, 1.7319310903549194
0.0, -3.0, 2.0
0.06930135190486908, 0.5629185438156128, 1.431999921798706
0.0, -3.0, 2.0
0.08334203064441681, 0.7051756978034973, 1.9682104587554932
0.0, -3.0, 2.0
0.07067707180976868, 0.6588777303695679, 1.5942702293395996
0.0, -3.0, 2.0
0.10494045168161392, 0.18037733435630798, 1.771634578704834
0.0, -3.0, 2.0
0.09344545751810074, 0.31234827637672424, 1.5840325355529785
0.0, -3.0, 2.0
0.06548836827278137, 1.1743719577789307, 3.3972578048706055
0.0, -3.0, 2.0
0.10761846601963043, 0.2693057060241699, 2.0097246170043945
0.0, -3.0, 2.0
0.05183763429522514, 1.134856939315796, 2.1804616451263428
0.0, -3.0, 2.0
0.20854240655899048, 0.04279816895723343, 3.184940814971924
0.0, -3.0, 2.0
0.06180941313505173, 0.609590470790863, 3.6891860961914062
0.0, -3.0, 2.0
0.07977640628814697, 0.5924757719039917, 1.6718982458114624
0.0, -3.0, 2.0
0.06785767525434494, 1.018394947052002, 2.275974750518799
0.0, -3.0, 2.0
0.021672982722520828, 0.5445056557655334, 3.7578601837158203
0.0, -3.0, 2.0
0.06796088814735413, 0.5194330811500549, 3.7072582244873047
0.0, -3.0, 2.0
0.06748946756124496, 1.1019952297210693, 3.436939239501953
0.0, -3.0, 2.0
0.12136121094226837, 1.2940634489059448, 3.0961380004882812
0.0, -3.0, 2.0
0.05850202962756157, 0.7736743092536926, 3.6310224533081055
0.0, -3.0, 2.0
0.12692424654960632, -0.15671326220035553, 2.5056936740875244
0.0, -3.0, 2.0
0.04642206057906151, 0.4885632395744324, 3.751267910003662
0.0, -3.0, 2.0
0.0644468367099762, 0.9413006901741028, 1.9943729639053345
0.0, -3.0, 2.0
0.09633614122867584, 0.311940461397171, 1.664995789527893
0.0, -3.0, 2.0
0.029885202646255493, 0.9955520033836365, 1.5523782968521118
0.0, -3.0, 2.0
0.09734521061182022, 0.49460530281066895, 1.9996509552001953
0.0, -3.0, 2.0
0.05983206629753113, 1.9117436408996582, 2.8090548515319824
0.0, -3.0, 2.0
0.08068611472845078, 0.4315266013145447, 3.705965042114258
0.0, -3.0, 2.0
0.050980910658836365, 1.962361216545105, 2.779529094696045
0.0, -3.0, 2.0
0.12280481308698654, 0.011530517600476742, 2.424431324005127
0.0, -3.0, 2.0
0.09150122106075287, 0.2250598520040512, 3.7352066040039062
0.0, -3.0, 2.0
0.1649124175310135, -0.26882779598236084, 3.5478386878967285
0.0, -3.0, 2.0
0.13994337618350983, 1.5302516222000122, 2.822014331817627
0.0, -3.0, 2.0
0.02955440804362297, 0.5332896113395691, 3.7557573318481445
0.0, -3.0, 2.0
0.1295456886291504, 0.43702417612075806, 3.523502826690674
0.0, -3.0, 2.0
0.07816415280103683, 1.5737833976745605, 3.062025547027588
0.0, -3.0, 2.0
0.01678965799510479, 1.0727852582931519, 1.5434064865112305
0.0, -3.0, 2.0
0.1543956696987152, -0.04193464294075966, 3.5520310401916504
0.0, -3.0, 2.0
0.028858264908194542, 1.166103720664978, 1.8525930643081665
0.0, -3.0, 2.0
0.10108594596385956, 0.1777544617652893, 1.632183313369751
0.0, -3.0, 2.0
0.19496117532253265, 0.13886363804340363, 3.2458701133728027
0.0, -3.0, 2.0
0.12585608661174774, 0.5406377911567688, 3.499018669128418
0.0, -3.0, 2.0
0.09664390236139297, 1.3642922639846802, 3.157416820526123
0.0, -3.0, 2.0
0.09766680002212524, 0.4855595529079437, 1.9941012859344482
0.0, -3.0, 2.0
-0.0024565462954342365, 0.6958801746368408, 3.7181007862091064
0.0, -3.0, 2.0
0.01789509318768978, 1.0159434080123901, 1.4633865356445312
0.0, -3.0, 2.0
0.019297126680612564, 2.4322214126586914, 2.3061225414276123
0.0, -3.0, 2.0
0.008932044729590416, 0.9668968915939331, 1.3158693313598633
0.0, -3.0, 2.0
0.10193885862827301, 0.05487383157014847, 1.5167810916900635
0.0, -3.0, 2.0
0.10763479769229889, 0.23146338760852814, 1.951987385749817
0.0, -3.0, 2.0
-0.003003820776939392, 0.6716458201408386, 3.7262284755706787
0.0, -3.0, 2.0
0.014564401470124722, 1.0539578199386597, 1.4921324253082275
0.0, -3.0, 2.0
0.01216063555330038, 1.3571678400039673, 2.058655023574829
0.0, -3.0, 2.0
0.20321694016456604, 0.5542392134666443, 3.0260496139526367
0.0, -3.0, 2.0
0.1172678992152214, 0.030027000233530998, 3.703561782836914
0.0, -3.0, 2.0
0.03975846245884895, 0.6965563893318176, 3.693514823913574
0.0, -3.0, 2.0
0.012659591622650623, 1.701231837272644, 3.083334445953369
0.0, -3.0, 2.0
0.13528911769390106, 0.8506656885147095, 3.3006794452667236
0.0, -3.0, 2.0
-0.0028041014447808266, 0.7364758849143982, 3.7036256790161133
0.0, -3.0, 2.0
0.07904650270938873, 1.3934539556503296, 3.201967716217041
0.0, -3.0, 2.0
0.05044173821806908, 0.8501850366592407, 1.5734225511550903
0.0, -3.0, 2.0
0.11066737771034241, 0.45847755670547485, 3.5994157791137695
0.0, -3.0, 2.0
0.1590399593114853, -0.18788272142410278, 3.562833786010742
0.0, -3.0, 2.0
0.010855059139430523, 1.2760297060012817, 3.4197654724121094
0.0, -3.0, 2.0
0.14336910843849182, 0.36468204855918884, 3.480523109436035
0.0, -3.0, 2.0
0.11054355651140213, 0.11690830439329147, 1.9200544357299805
0.0, -3.0, 2.0
0.048273760825395584, 1.0448191165924072, 3.516500949859619
0.0, -3.0, 2.0
0.06796277314424515, 0.6673606634140015, 3.6540937423706055
0.0, -3.0, 2.0
0.07909625768661499, 0.3573036789894104, 3.7310407161712646
0.0, -3.0, 2.0
0.11993755400180817, 0.6314713358879089, 3.4871888160705566
0.0, -3.0, 2.0
0.012118925340473652, 0.5487865209579468, 3.7607474327087402
0.0, -3.0, 2.0
0.11651059240102768, 0.19131244719028473, 2.3192670345306396
0.0, -3.0, 2.0
0.0624464675784111, 0.43642377853393555, 3.7421953678131104
0.0, -3.0, 2.0
0.029058486223220825, 1.2651478052139282, 3.4113903045654297
0.0, -3.0, 2.0
0.07462128251791, 0.5669999718666077, 1.5286006927490234
0.0, -3.0, 2.0
0.1237347200512886, 0.21498869359493256, 3.6282243728637695
0.0, -3.0, 2.0
0.15070801973342896, -0.1617639809846878, 3.6015069484710693
0.0, -3.0, 2.0
0.03840559348464012, 1.8805128335952759, 2.885406017303467
0.0, -3.0, 2.0
0.12783318758010864, 0.12851408123970032, 3.6361207962036133
0.0, -3.0, 2.0
0.11595051735639572, -0.14488092064857483, 1.9205032587051392
0.0, -3.0, 2.0
-0.0007242719875648618, 1.7558549642562866, 3.037112236022949
0.0, -3.0, 2.0
0.215070441365242, -0.29347988963127136, 3.232379674911499
0.0, -3.0, 2.0
0.04262849688529968, 1.1448243856430054, 3.4681077003479004
0.0, -3.0, 2.0
0.07433371245861053, 0.9161087274551392, 2.1922991275787354
0.0, -3.0, 2.0
0.141073077917099, -0.13080397248268127, 3.642122745513916
0.0, -3.0, 2.0
0.21781961619853973, -0.20120786130428314, 3.1906745433807373
0.0, -3.0, 2.0
0.013167128898203373, 0.8563781976699829, 3.6525330543518066
0.0, -3.0, 2.0
0.20921733975410461, 0.5089840292930603, 3.0048606395721436
0.0, -3.0, 2.0
0.061048105359077454, 1.0954678058624268, 2.301821231842041
0.0, -3.0, 2.0
0.15022307634353638, -0.3648391664028168, 3.644550085067749
0.0, -3.0, 2.0
0.011371779255568981, 0.6117059588432312, 3.7433667182922363
0.0, -3.0, 2.0
0.12238092720508575, -0.04274472966790199, 3.701258659362793
0.0, -3.0, 2.0
0.06519004702568054, 1.361724615097046, 3.269054889678955
0.0, -3.0, 2.0
0.11499473452568054, -0.11486228555440903, 1.8938106298446655
0.0, -3.0, 2.0
0.02879917435348034, 1.226110816001892, 1.982390284538269
0.0, -3.0, 2.0
0.1278694123029709, -0.14786624908447266, 3.702119827270508
0.0, -3.0, 2.0
0.08482764661312103, 0.8130636215209961, 3.541696548461914
0.0, -3.0, 2.0
0.20557472109794617, -0.09557382762432098, 3.2464141845703125
0.0, -3.0, 2.0
0.033247169107198715, 0.8590758442878723, 3.634786605834961
0.0, -3.0, 2.0
0.08330598473548889, 1.1227401494979858, 3.373945713043213
0.0, -3.0, 2.0
0.011302737519145012, 0.9339020848274231, 1.2893016338348389
0.0, -3.0, 2.0
0.11210744082927704, -0.06479740887880325, 1.7963793277740479
0.0, -3.0, 2.0
0.13617554306983948, 1.4221395254135132, 2.92592453956604
0.0, -3.0, 2.0
0.11406555026769638, -0.1292288452386856, 1.838175892829895
0.0, -3.0, 2.0
0.005306188017129898, 1.181183099746704, 1.620948076248169
0.0, -3.0, 2.0
0.10254260897636414, 0.8952777981758118, 3.432987689971924
0.0, -3.0, 2.0
0.11314354091882706, 0.07440467178821564, 1.9876651763916016
0.0, -3.0, 2.0
0.14724941551685333, 0.8531789183616638, 3.2329916954040527
0.0, -3.0, 2.0
0.06661859154701233, 1.8943371772766113, 2.8078205585479736
0.0, -3.0, 2.0
0.10186125338077545, 0.6077954769134521, 2.4467079639434814
0.0, -3.0, 2.0
0.11550857871770859, 0.18607713282108307, 2.2576489448547363
0.0, -3.0, 2.0
-0.0032448831479996443, 2.4580588340759277, 2.2822678089141846
0.0, -3.0, 2.0
0.11794035881757736, 0.18708842992782593, 2.39115571975708
0.0, -3.0, 2.0
0.12943805754184723, 0.6939693689346313, 3.411594867706299
0.0, -3.0, 2.0
0.0351143479347229, 0.9441408514976501, 3.591857433319092
0.0, -3.0, 2.0
0.018013183027505875, 0.5344871282577515, 3.7622761726379395
0.0, -3.0, 2.0
0.002400752855464816, 0.6123025417327881, 3.744853973388672
0.0, -3.0, 2.0
0.09674770385026932, 0.8660883903503418, 3.471874475479126
0.0, -3.0, 2.0
0.12488394230604172, 0.09462109208106995, 3.658108949661255
0.0, -3.0, 2.0
0.015020310878753662, 1.2964650392532349, 1.953425407409668
new trace
!@!name: context points 17.75
0.0, -3.0, 2.0
0.0758674368262291, 2.131579637527466, 2.5384597778320312
0.0, -3.0, 2.0
0.16988231241703033, 0.2412256896495819, 3.372285842895508
0.0, -3.0, 2.0
0.1467447280883789, 1.2202727794647217, 3.0119121074676514
0.0, -3.0, 2.0
0.07587110996246338, 1.226414680480957, 3.3316307067871094
0.0, -3.0, 2.0
0.09842973947525024, 1.009291410446167, 3.3855509757995605
0.0, -3.0, 2.0
0.11710067093372345, 0.07275709509849548, 2.1837317943573
0.0, -3.0, 2.0
0.10435804724693298, 0.45231619477272034, 3.6260581016540527
0.0, -3.0, 2.0
0.07358986139297485, 0.8343980312347412, 1.978640079498291
0.0, -3.0, 2.0
0.16106551885604858, -0.07118631154298782, 3.522449493408203
0.0, -3.0, 2.0
0.12686067819595337, -0.06482049077749252, 2.5791537761688232
0.0, -3.0, 2.0
0.16688908636569977, 0.21790620684623718, 3.398932695388794
0.0, -3.0, 2.0
0.10186278820037842, 1.4487967491149902, 3.071506977081299
0.0, -3.0, 2.0
0.1485777497291565, 0.102024145424366, 3.5424201488494873
0.0, -3.0, 2.0
0.040075916796922684, 0.9638869762420654, 3.5746493339538574
0.0, -3.0, 2.0
0.07026702910661697, 0.5437752604484558, 1.4218318462371826
0.0, -3.0, 2.0
0.04914763197302818, 0.965241551399231, 3.5581541061401367
0.0, -3.0, 2.0
0.07246087491512299, 0.7760253548622131, 1.8328750133514404
0.0, -3.0, 2.0
0.12425871193408966, -0.0723583996295929, 3.700571060180664
0.0, -3.0, 2.0
0.10944520682096481, 0.29062172770500183, 2.126993417739868
0.0, -3.0, 2.0
0.1055133044719696, 1.9045047760009766, 2.660433769226074
0.0, -3.0, 2.0
-0.0030468101613223553, 1.279694676399231, 1.7276681661605835
0.0, -3.0, 2.0
0.10687091201543808, 0.1423429548740387, 1.7970361709594727
0.0, -3.0, 2.0
0.18905796110630035, 0.5343773365020752, 3.130629539489746
0.0, -3.0, 2.0
0.04281693324446678, 0.7800544500350952, 1.3749780654907227
0.0, -3.0, 2.0
0.02836606651544571, 0.5475447177886963, 3.752784252166748
0.0, -3.0, 2.0
0.10086748749017715, 0.32502681016921997, 1.8320740461349487
0.0, -3.0, 2.0
0.14899969100952148, 0.372350811958313, 3.446648597717285
0.0, -3.0, 2.0
0.010572906583547592, 1.0416767597198486, 1.4378774166107178
0.0, -3.0, 2.0
0.1516937017440796, -0.18583177030086517, 3.6018435955047607
0.0, -3.0, 2.0
0.03717711940407753, 0.7934994697570801, 1.332986831665039
0.0, -3.0, 2.0
0.0062982612289488316, 1.2878947257995605, 1.8346151113510132
0.0, -3.0, 2.0
0.20377542078495026, -0.03751529008150101, 3.241999387741089
0.0, -3.0, 2.0
0.14280764758586884, 0.9926851391792297, 3.178706407546997
0.0, -3.0, 2.0
0.10889024287462234, 1.3684536218643188, 3.1014132499694824
0.0, -3.0, 2.0
0.08077292144298553, 0.8062958121299744, 3.5580103397369385
0.0, -3.0, 2.0
0.07966092973947525, 0.32876840233802795, 3.737269401550293
0.0, -3.0, 2.0
0.105821393430233, 1.4428355693817139, 3.0588955879211426
0.0, -3.0, 2.0
0.06387936323881149, 0.6844316124916077, 1.5175820589065552
0.0, -3.0, 2.0
0.05425393208861351, 0.6824120879173279, 1.379150629043579
0.0, -3.0, 2.0
0.08961862325668335, 0.3782181143760681, 1.5771093368530273
0.0, -3.0, 2.0
0.030177321285009384, 0.7499674558639526, 3.684082508087158
0.0, -3.0, 2.0
0.003911696840077639, 1.1606643199920654, 3.4960455894470215
0.0, -3.0, 2.0
0.13657966256141663, 0.7001794576644897, 3.371326446533203
0.0, -3.0, 2.0
0.08686863631010056, 0.6226128935813904, 3.620309829711914
0.0, -3.0, 2.0
0.18053996562957764, 0.20752577483654022, 3.3169751167297363
0.0, -3.0, 2.0
0.10164310783147812, 0.08446069061756134, 1.539463758468628
0.0, -3.0, 2.0
0.020786717534065247, 0.7049445509910583, 3.708475112915039
0.0, -3.0, 2.0
-0.0045598894357681274, 1.1461143493652344, 3.5047428607940674
0.0, -3.0, 2.0
0.1952928602695465, 0.19734521210193634, 3.2234601974487305
0.0, -3.0, 2.0
0.024771491065621376, 1.0207993984222412, 1.5385103225708008
0.0, -3.0, 2.0
0.06853953003883362, 0.6233644485473633, 1.503730058670044
0.0, -3.0, 2.0
0.08250688761472702, 0.45432984828948975, 3.6941730976104736
0.0, -3.0, 2.0
0.02813197672367096, 0.9452469944953918, 1.455113172531128
0.0, -3.0, 2.0
0.1510380357503891, 0.4118797779083252, 3.4195539951324463
0.0, -3.0, 2.0
0.03295314684510231, 2.285693883895874, 2.4628419876098633
0.0, -3.0, 2.0
0.14133861660957336, 0.7599945068359375, 3.3155150413513184
0.0, -3.0, 2.0
0.059457775205373764, 0.8244746923446655, 3.606154441833496
0.0, -3.0, 2.0
0.1325937658548355, 0.307230681180954, 3.5569722652435303
0.0, -3.0, 2.0
0.14927513897418976, 0.36898183822631836, 3.4464097023010254
0.0, -3.0, 2.0
0.1541266143321991, -0.24406467378139496, 3.6017613410949707
0.0, -3.0, 2.0
0.13659948110580444, -0.27403122186660767, 3.690443515777588
0.0, -3.0, 2.0
0.11597108095884323, 0.4306173324584961, 3.587951421737671
0.0, -3.0, 2.0
0.022699281573295593, 1.269582748413086, 3.415518283843994
0.0, -3.0, 2.0
0.11900849640369415, 0.19299690425395966, 2.461515188217163
0.0, -3.0, 2.0
0.08415002375841141, 0.6978005170822144, 3.5971713066101074
0.0, -3.0, 2.0
0.07743355631828308, 0.5487847924232483, 1.555518627166748
0.0, -3.0, 2.0
0.09229426085948944, 0.5710296630859375, 1.9730827808380127
0.0, -3.0, 2.0
0.10972405225038528, 0.44771987199783325, 2.453909158706665
0.0, -3.0, 2.0
0.09781387448310852, 0.6552144885063171, 2.379099130630493
0.0, -3.0, 2.0
0.1334526389837265, 0.1315128654241562, 3.609762668609619
0.0, -3.0, 2.0
0.07689423859119415, 0.7395138740539551, 1.8661072254180908
0.0, -3.0, 2.0
0.06864325702190399, 0.6894694566726685, 1.6054846048355103
0.0, -3.0, 2.0
0.11905916780233383, 1.1856276988983154, 3.182037830352783
0.0, -3.0, 2.0
0.1117158830165863, 0.7355961203575134, 3.4756317138671875
0.0, -3.0, 2.0
0.10396500676870346, 0.1886947751045227, 1.7463384866714478
0.0, -3.0, 2.0
0.18573008477687836, 0.19452078640460968, 3.2878661155700684
0.0, -3.0, 2.0
0.030114682391285896, 1.1193100214004517, 1.7752888202667236
0.0, -3.0, 2.0
0.09212679415941238, 0.4472289979457855, 1.7476245164871216
0.0, -3.0, 2.0
0.04040783643722534, 0.5124307870864868, 3.7516326904296875
0.0, -3.0, 2.0
0.06905204802751541, 0.6851931810379028, 1.6060740947723389
0.0, -3.0, 2.0
0.09059908986091614, 0.6903848648071289, 2.1711535453796387
0.0, -3.0, 2.0
0.11555616557598114, 0.30263853073120117, 3.6344399452209473
0.0, -3.0, 2.0
0.04284924641251564, 1.5619666576385498, 3.165968418121338
0.0, -3.0, 2.0
-0.0046351151540875435, 1.3352062702178955, 3.380983829498291
0.0, -3.0, 2.0
0.10544035583734512, 0.9822171330451965, 3.3719122409820557
0.0, -3.0, 2.0
0.05184401571750641, 0.8963941931724548, 1.6711257696151733
0.0, -3.0, 2.0
0.11700349301099777, 0.7160717844963074, 3.461236000061035
0.0, -3.0, 2.0
0.11975536495447159, 0.2853940427303314, 3.6227989196777344
0.0, -3.0, 2.0
0.07728760689496994, 0.5356901288032532, 1.5336195230484009
0.0, -3.0, 2.0
0.16250433027744293, 0.39068156480789185, 3.3607490062713623
0.0, -3.0, 2.0
0.09471891820430756, 0.6553463935852051, 2.2458510398864746
0.0, -3.0, 2.0
0.15187658369541168, -0.05748159810900688, 3.569789171218872
0.0, -3.0, 2.0
0.14972296357154846, -0.08418642729520798, 3.5880117416381836
0.0, -3.0, 2.0
0.06971476227045059, 0.6510022878646851, 1.5648131370544434
0.0, -3.0, 2.0
0.11002834886312485, 0.1727668195962906, 1.971475601196289
0.0, -3.0, 2.0
0.12377921491861343, -0.06695380806922913, 2.399038553237915
0.0, -3.0, 2.0
0.11083585023880005, 0.2958371937274933, 2.2024319171905518
0.0, -3.0, 2.0
0.006027267314493656, 2.1552329063415527, 2.6307196617126465
0.0, -3.0, 2.0
0.10826752334833145, -0.14460442960262299, 1.5665712356567383
0.0, -3.0, 2.0
0.0742289125919342, 0.802375316619873, 1.926862120628357
0.0, -3.0, 2.0
0.07379556447267532, 0.8733508586883545, 3.5459718704223633
0.0, -3.0, 2.0
0.0080736568197608, 0.6298226714134216, 3.738762378692627
0.0, -3.0, 2.0
0.10882269591093063, -0.1856030970811844, 1.5629498958587646
0.0, -3.0, 2.0
0.1476912498474121, -0.15059038996696472, 3.614362955093384
0.0, -3.0, 2.0
0.12073682993650436, 0.08941671252250671, 2.4037742614746094
0.0, -3.0, 2.0
0.1644810289144516, 1.2433061599731445, 2.8918838500976562
0.0, -3.0, 2.0
0.07678936421871185, 0.5920582413673401, 1.6079858541488647
0.0, -3.0, 2.0
0.0337812565267086, 1.1085259914398193, 1.8031593561172485
0.0, -3.0, 2.0
0.0005119488923810422, 0.9098129868507385, 3.6314218044281006
0.0, -3.0, 2.0
0.1258484125137329, -0.15433068573474884, 3.710886001586914
0.0, -3.0, 2.0
0.09192370623350143, 1.0078463554382324, 3.411982536315918
0.0, -3.0, 2.0
0.11712237447500229, 0.02748079225420952, 2.1317524909973145
0.0, -3.0, 2.0
0.08092687278985977, 0.4218981862068176, 1.447601318359375
0.0, -3.0, 2.0
0.07026118040084839, 1.3789758682250977, 3.241309642791748
0.0, -3.0, 2.0
0.1830015629529953, -0.32891350984573364, 3.452085494995117
0.0, -3.0, 2.0
0.07089158892631531, 0.939316987991333, 2.152031660079956
0.0, -3.0, 2.0
0.100153848528862, 0.5291516780853271, 2.179555892944336
0.0, -3.0, 2.0
0.12003549933433533, -0.02961367554962635, 2.226663827896118
0.0, -3.0, 2.0
0.0002252933627460152, 1.2643169164657593, 3.4301695823669434
0.0, -3.0, 2.0
0.07556610554456711, 0.5110593438148499, 3.6929726600646973
0.0, -3.0, 2.0
0.050165556371212006, 1.0172420740127563, 1.8727134466171265
0.0, -3.0, 2.0
0.07949671894311905, 1.1413671970367432, 3.3752665519714355
0.0, -3.0, 2.0
0.13310298323631287, -0.23823575675487518, 3.698399066925049
0.0, -3.0, 2.0
0.13377849757671356, 0.11569617688655853, 3.612875461578369
0.0, -3.0, 2.0
0.03901323303580284, 0.7836305499076843, 3.6602420806884766
0.0, -3.0, 2.0
0.11025939881801605, 0.16497965157032013, 1.9710264205932617
0.0, -3.0, 2.0
0.14988940954208374, 0.17938527464866638, 3.510796308517456
0.0, -3.0, 2.0
0.12558715045452118, 0.15564598143100739, 3.638044834136963
0.0, -3.0, 2.0
0.02944328263401985, 0.9337632656097412, 3.6039340496063232
0.0, -3.0, 2.0
0.12394029647111893, 1.7846919298171997, 2.6885805130004883
0.0, -3.0, 2.0
0.03067920356988907, 1.2585821151733398, 2.089315414428711
0.0, -3.0, 2.0
0.11945930123329163, -0.1182127594947815, 2.1201860904693604
0.0, -3.0, 2.0
0.00252157193608582, 0.9579562544822693, 3.6081650257110596
0.0, -3.0, 2.0
0.16212545335292816, -0.3578945994377136, 3.581387996673584
0.0, -3.0, 2.0
0.06746440380811691, 0.7257739305496216, 1.6428000926971436
0.0, -3.0, 2.0
0.12173659354448318, 0.21073497831821442, 3.6380081176757812
0.0, -3.0, 2.0
0.22633062303066254, -0.16545706987380981, 3.121885299682617
0.0, -3.0, 2.0
0.13284938037395477, 0.44483721256256104, 3.504045009613037
0.0, -3.0, 2.0
0.06200038269162178, 0.5493614077568054, 3.709380626678467
0.0, -3.0, 2.0
0.11239158362150192, 0.2074824422597885, 2.1326959133148193
0.0, -3.0, 2.0
0.06569632142782211, 1.0009095668792725, 3.500835657119751
0.0, -3.0, 2.0
0.043266188353300095, 1.240384578704834, 3.4057984352111816
0.0, -3.0, 2.0
0.08872730284929276, 0.5400687456130981, 1.8070566654205322
0.0, -3.0, 2.0
0.09940935671329498, 0.5028635263442993, 3.6252708435058594
0.0, -3.0, 2.0
0.21454161405563354, -0.1469704657793045, 3.199043035507202
0.0, -3.0, 2.0
0.08340433984994888, 0.9354254603385925, 3.4833359718322754
0.0, -3.0, 2.0
0.05136264115571976, 1.0130866765975952, 1.8852555751800537
0.0, -3.0, 2.0
0.009597159922122955, 1.205111026763916, 1.7053568363189697
0.0, -3.0, 2.0
0.053767796605825424, 0.6189981698989868, 3.700627088546753
0.0, -3.0, 2.0
0.1428857445716858, 0.03355247154831886, 3.591989517211914
0.0, -3.0, 2.0
0.19645072519779205, 0.22184650599956512, 3.2069387435913086
0.0, -3.0, 2.0
0.08457714319229126, 0.5581761002540588, 1.728223204612732
0.0, -3.0, 2.0
0.11059102416038513, 0.7675586938858032, 3.4648871421813965
0.0, -3.0, 2.0
0.12623350322246552, -0.01869279332458973, 2.59059476852417
0.0, -3.0, 2.0
0.22304797172546387, -0.19865870475769043, 3.1536478996276855
0.0, -3.0, 2.0
0.0722176805138588, 0.6004316210746765, 3.669586658477783
0.0, -3.0, 2.0
0.09983072429895401, 0.1361144483089447, 1.541711449623108
0.0, -3.0, 2.0
0.17085830867290497, -0.21744343638420105, 3.501605987548828
0.0, -3.0, 2.0
0.02436334826052189, 1.9643938541412354, 2.820911407470703
0.0, -3.0, 2.0
0.06445124000310898, 1.0777275562286377, 3.459906578063965
0.0, -3.0, 2.0
0.014112441800534725, 1.11493980884552, 1.5882216691970825
0.0, -3.0, 2.0
0.10696987062692642, 0.3013663589954376, 3.6673285961151123
0.0, -3.0, 2.0
0.08069947361946106, 1.4965879917144775, 3.1162972450256348
0.0, -3.0, 2.0
0.11909076571464539, -0.025569235906004906, 3.709433078765869
0.0, -3.0, 2.0
0.0736384242773056, 0.7168246507644653, 1.7494112253189087
0.0, -3.0, 2.0
0.15476474165916443, 0.2116219699382782, 3.472686767578125
0.0, -3.0, 2.0
0.03733411058783531, 1.1881171464920044, 2.029743194580078
0.0, -3.0, 2.0
0.09112188220024109, 0.5315321683883667, 3.642364501953125
0.0, -3.0, 2.0
0.11964090913534164, -0.04332094267010689, 2.1922426223754883
0.0, -3.0, 2.0
0.056214313954114914, 0.9878060817718506, 1.9225269556045532
0.0, -3.0, 2.0
0.11791111528873444, -0.14050768315792084, 2.023448944091797
0.0, -3.0, 2.0
0.0865975022315979, 0.838524341583252, 3.523125171661377
0.0, -3.0, 2.0
0.07354052364826202, 0.47995686531066895, 3.707764148712158
0.0, -3.0, 2.0
0.02634434774518013, 1.188866138458252, 3.4643239974975586
0.0, -3.0, 2.0
0.11943935602903366, 0.15256309509277344, 2.4213006496429443
0.0, -3.0, 2.0
0.12180506438016891, 1.1036783456802368, 3.221787214279175
0.0, -3.0, 2.0
0.05441862344741821, 1.7775002717971802, 2.951124668121338
0.0, -3.0, 2.0
0.05638658627867699, 0.9008376598358154, 1.7527799606323242
0.0, -3.0, 2.0
0.09659461677074432, 0.1668371856212616, 1.4844478368759155
0.0, -3.0, 2.0
0.09842345118522644, 1.236629605293274, 3.240993022918701
0.0, -3.0, 2.0
0.038596011698246, 1.2412358522415161, 2.186427593231201
0.0, -3.0, 2.0
0.03932352364063263, 0.5432603359222412, 3.744227647781372
0.0, -3.0, 2.0
0.09086094051599503, 0.7603890299797058, 3.5464344024658203
0.0, -3.0, 2.0
0.09915950894355774, 0.5440265536308289, 2.170577049255371
0.0, -3.0, 2.0
0.10594227910041809, 0.4680289924144745, 2.3064839839935303
0.0, -3.0, 2.0
0.026594385504722595, 0.8728907704353333, 1.3367633819580078
0.0, -3.0, 2.0
0.12403036653995514, 1.1446597576141357, 3.1843247413635254
0.0, -3.0, 2.0
0.09594618529081345, 0.22683988511562347, 1.539679765701294
0.0, -3.0, 2.0
0.1259460598230362, -0.09317101538181305, 2.4995157718658447
0.0, -3.0, 2.0
0.09993832558393478, 0.1306782066822052, 3.734896183013916
0.0, -3.0, 2.0
0.09744535386562347, 0.3706737458705902, 3.677685260772705
0.0, -3.0, 2.0
0.11165016889572144, 0.28044310212135315, 2.215576171875
0.0, -3.0, 2.0
-0.0028548415284603834, 1.0660253763198853, 1.369229793548584
0.0, -3.0, 2.0
0.17021113634109497, 0.14354479312896729, 3.4039268493652344
0.0, -3.0, 2.0
0.027954954653978348, 1.558285117149353, 3.19268798828125
0.0, -3.0, 2.0
0.08488042652606964, 0.5594292283058167, 1.7379162311553955
0.0, -3.0, 2.0
0.023844439536333084, 1.3272628784179688, 2.1531124114990234
0.0, -3.0, 2.0
0.042629674077034, 0.9661999344825745, 3.569349765777588
0.0, -3.0, 2.0
0.06715865433216095, 0.49842897057533264, 3.715545892715454
0.0, -3.0, 2.0
0.14925658702850342, 0.5632438659667969, 3.3654284477233887
new trace
!@!name: reference points
-0.016692490744724467, 5.989834991165095, -2.3750543196749465
0.05731903956200948, 5.963833321502198, -2.376898218257783
0.13070256754213153, 5.843496643241156, -2.385431868911704
0.20265408414980438, 5.630143396371572, -2.400561774737504
0.27238526982876793, 5.326111134635603, -2.422122168546256
0.33913213154671606, 4.934730914680287, -2.4498768290478257
0.40216337330194973, 4.460290800133347, -2.483521668952843
0.4607884083928443, 3.907988880461218, -2.5226880666322717
0.5143649256656146, 3.2838763193469767, -2.566946904831946
0.5623059268426173, 2.594791056564949, -2.6158132721930105
-0.01669249074472367, 6.397743276811612, -1.411150221683581
0.05731903956200955, 6.3703148508782395, -1.4130952981484253
0.1307025675421311, 6.243375092411068, -1.4220972048696852
0.20265408414980438, 6.01831478646627, -1.4380573146127191
0.27238526982876765, 5.69759975237441, -1.4608007642582428
0.3391321315467158, 5.284743827581616, -1.490078370648244
0.40216337330195, 4.784270369131317, -1.5255693607015415
0.4607884083928432, 4.201662694586332, -1.566884885887227
0.5143649256656141, 3.543304005373482, -1.6135722825504168
0.5623059268426189, 2.8164074507662056, -1.6651200314132026
-0.016692490744724345, 6.702687439405189, -0.4098726725049069
0.05731903956200976, 6.674132770179799, -0.41189761608739506
0.1307025675421311, 6.541980716562673, -0.4212691516413476
0.2026540841498048, 6.307679170873222, -0.43788460218233194
0.27238526982876793, 5.973795201871601, -0.4615619245066167
0.33913213154671606, 5.543986929284758, -0.49204170370387557
0.4021633733019503, 5.02296344449392, -0.5289899953745354
0.46078840839284374, 4.4164332165029005, -0.5720019844116049
0.5143649256656135, 3.7310415484648782, -0.620606420260394
0.5623059268426178, 2.974297770010244, -0.6742707800623555
-0.016692490744724623, 6.901326431275464, 0.6178080702420901
0.05731903956200962, 6.871958371151376, 0.6157254453512477
0.13070256754213125, 6.736041914703707, 0.6060869579490307
0.20265408414980451, 6.4950661980297575, 0.5889982098138273
0.2723852698287685, 6.151671413845323, 0.56464642972111
0.3391321315467166, 5.70961988484566, 0.5332984221161623
0.4021633733019503, 5.173754842718093, 0.4952976439351402
0.4607884083928432, 4.549947364434221, 0.4510604416013635
0.5143649256656141, 3.845032047201415, 0.40107148942553117
0.5623059268426184, 3.0667321268357224, 0.34587847938765837
-0.0166924907447236, 6.99148391189051, 1.660632468672763
0.057319039562009344, 6.961624224983565, 1.6585149802543158
0.1307025675421311, 6.823432501802651, 1.6487151427822226
0.20265408414980507, 6.578422806860003, 1.6313403258282704
0.27238526982876765, 6.229279530188007, 1.6065808924124108
0.33913213154671606, 5.779827976462853, 1.574708113335919
0.4021633733019492, 5.234992453970149, 1.5360711950678723
0.46078840839284374, 4.600742322600803, 1.4910934537480718
0.5143649256656141, 3.884026591989257, 1.440267677225218
0.5623059268426184, 3.0926977863540444, 1.3841507259448442
-0.016692490744724276, 6.972172092410521, 2.707175067066539
0.05731903956200941, 6.94214792922765, 2.7050459148751056
0.1307025675421311, 6.803195003825724, 2.695192096904921
0.20265408414980507, 6.556835720646767, 2.6777215741521667
0.2723852698287682, 6.205769256163395, 2.652825758214448
0.3391321315467158, 5.753841985998365, 2.620777414135479
0.40216337330194973, 5.206005343031425, 2.5819276719202193
0.4607884083928432, 4.568261568211055, 2.5367021794630853
0.5143649256656135, 3.8475979484392973, 2.485596439038752
0.5623059268426178, 3.051910262036576, 2.429170378450181
-0.016692490744723704, 6.843602558159624, 3.7459696721355957
0.05731903956200893, 6.81374287125268, 3.743852183717146
0.1307025675421311, 6.675551148071763, 3.734052346245054
0.2026540841498048, 6.430541453129116, 3.7166775292911005
0.2723852698287674, 6.081398176457121, 3.69191809587524
0.3391321315467158, 5.631946622731967, 3.6600453167987492
0.40216337330194973, 5.087111100239262, 3.6214083985307024
0.46078840839284374, 4.452860968869918, 3.5764306572109033
0.5143649256656141, 3.7361452382583717, 3.525604880688051
0.5623059268426178, 2.944816432623158, 3.4694879294076735
-0.0166924907447236, 6.607183950441966, 4.765634979625016
0.057319039562009066, 6.577815890317877, 4.763552354734174
0.1307025675421311, 6.44189943387021, 4.753913867331956
0.2026540841498048, 6.200923717196263, 4.736825119196753
0.27238526982876793, 5.857528933011826, 4.712473339104035
0.33913213154671606, 5.415477404012162, 4.68112533149909
0.4021633733019503, 4.879612361884597, 4.643124553318064
0.46078840839284374, 4.2558048836007245, 4.59888735098429
0.5143649256656135, 3.5508895663679167, 4.548898398808454
0.5623059268426184, 2.772589646002225, 4.493705388770584
-0.016692490744723357, 6.265506533100689, 5.75499927084652
0.05731903956200962, 6.236951863875301, 5.75297432726403
0.1307025675421307, 6.104799810258175, 5.743602791710079
0.20265408414980424, 5.870498264568724, 5.7269873411690915
0.27238526982876765, 5.536614295567102, 5.70331001884481
0.3391321315467155, 5.106806022980262, 5.672830239647549
0.4021633733019503, 4.58578253818942, 5.635881947976887
0.46078840839284374, 3.979252310198402, 5.5928699589398185
0.5143649256656141, 3.2938606421603804, 5.544265523091029
0.5623059268426184, 2.5371168637057453, 5.4906011632890666
-0.016692490744724137, 5.822313812912608, 6.703222812938193
0.05731903956201011, 5.794885386979235, 6.701277736473349
0.13070256754213153, 5.667945628512063, 6.692275829752091
0.20265408414980438, 5.442885322567266, 6.676315720009059
0.27238526982876765, 5.122170288475406, 6.653572270363533
0.33913213154671606, 4.709314363682611, 6.62429466397353
0.40216337330194973, 4.208840905232313, 6.588803673920231
0.4607884083928432, 3.626233230687327, 6.547488148734549
0.5143649256656141, 2.967874541474477, 6.500800752071355
0.5623059268426173, 2.2409779868672004, 6.449253003208572
